2672
1,178292.5,742891.5,247.2

2,178223.5,742927.5,251.25

3,178205.5,742891.5,252.13

4,178712.5,742891.5,226.23

5,178730.5,742915.5,226.89

6,178670.5,742900.5,226.25

7,177680.5,745414.5,229.3

8,177692.5,745396.5,231.99

9,177707.5,745438.5,229.5

10,180200.5,746182.5,272.27

11,180206.5,746239.5,284.51

12,180170.5,746194.5,280.79

13,179558.5,743056.5,263.51

14,179495.5,743125.5,236.48

15,179465.5,743065.5,240.13

16,179051.5,743200.5,231.61

17,179108.5,743257.5,228.07

18,179051.5,743296.5,228.22

19,179258.5,745510.5,235.29

20,179279.5,745534.5,232.4

21,179243.5,745555.5,235.38

22,177635.5,745360.5,243.72

23,177677.5,745378.5,237.54

24,177620.5,745378.5,238.56

25,180257.5,746239.5,268.86

26,180257.5,746236.5,268.37

27,177476.5,742897.5,230.06

28,177476.5,742891.5,234.35

29,177485.5,742891.5,242.82

30,177653.5,743176.5,226.16

31,177554.5,743347.5,226.94

32,177476.5,743230.5,225.93

33,179753.5,743149.5,268.56

34,179747.5,743242.5,269.94

35,179672.5,743197.5,248.06

36,179867.5,743500.5,257.6

37,179903.5,743428.5,270.63

38,179927.5,743512.5,273.48

39,179615.5,743104.5,267.08

40,179597.5,743047.5,273.54

41,180212.5,742948.5,310.21

42,180257.5,742891.5,288.98

43,180257.5,742900.5,291.65

44,180230.5,742954.5,310.08

45,180200.5,742963.5,311.63

46,177575.5,745468.5,231.72

47,177581.5,745540.5,231.85

48,177536.5,745519.5,232.51

49,178466.5,744301.5,240.37

50,178493.5,744421.5,235.89

51,178484.5,744433.5,240.24

52,179756.5,746014.5,302.57

53,179795.5,745936.5,301.55

54,179822.5,745963.5,294.79

55,177479.5,744592.5,226.27

56,177521.5,744664.5,225.83

57,177488.5,744670.5,224.78

58,179678.5,745864.5,303.37

59,179663.5,745771.5,300.41

60,179714.5,745813.5,297.86

61,179921.5,746098.5,303.07

62,179966.5,746011.5,272.01

63,179984.5,746095.5,289.69

64,177482.5,744814.5,228.98

65,177476.5,744811.5,228.88

66,177527.5,744748.5,237.46

67,177503.5,742942.5,226.17

68,177476.5,742906.5,226.17

69,177497.5,742906.5,244.03

70,177617.5,742969.5,249.27

71,177548.5,742990.5,249.67

72,177566.5,742948.5,250.47

73,177515.5,742930.5,239.05

74,177620.5,744097.5,237.06

75,177581.5,744112.5,235.32

76,177575.5,744055.5,241.64

77,180023.5,743917.5,300.7

78,180014.5,743947.5,296.17

79,179978.5,743923.5,291.03

80,180014.5,744352.5,244.42

81,180026.5,744316.5,241.62

82,180059.5,744343.5,255.19

83,179792.5,743848.5,256.81

84,179756.5,743866.5,246.37

85,179783.5,743824.5,248.72

86,180116.5,743728.5,297.93

87,180134.5,743674.5,306.27

88,180170.5,743737.5,296.98

89,179717.5,743305.5,249.04

90,179648.5,743227.5,243.37

91,180173.5,743389.5,290.76

92,180197.5,743434.5,301.67

93,180167.5,743440.5,300.75

94,179897.5,743110.5,288.94

95,179951.5,743077.5,287.6

96,179915.5,743140.5,287.32

97,180077.5,742975.5,290.94

98,180080.5,742960.5,289.86

99,180104.5,742984.5,298.21

100,180257.5,742936.5,303.15

101,177533.5,746227.5,275.69

102,177512.5,746239.5,278.78

103,177515.5,746230.5,276.4

104,177905.5,746239.5,245.05

105,177863.5,746239.5,256.92

106,177875.5,746203.5,254.95

107,180098.5,743941.5,286.99

108,180170.5,743878.5,275.03

109,180200.5,743953.5,250.94

110,179714.5,744097.5,246.07

111,179759.5,744064.5,257.87

112,179756.5,744079.5,254.24

113,177476.5,746239.5,294.83

114,179597.5,745615.5,252.43

115,179609.5,745630.5,269.72

116,179591.5,745621.5,255.51

117,177860.5,743710.5,230.25

118,177833.5,743692.5,228.82

119,177875.5,743647.5,235.08

120,178100.5,744901.5,230.51

121,177986.5,744856.5,226.68

122,178109.5,744811.5,235.53

123,179990.5,746137.5,292.77

124,180026.5,746113.5,278.54

125,180029.5,746146.5,278.54

126,180029.5,746209.5,278.41

127,179984.5,746239.5,295.97

128,179999.5,746212.5,287.25

129,179918.5,745045.5,227

130,179861.5,745045.5,234.13

131,179879.5,745024.5,226.8

132,180158.5,744118.5,246.5

133,180143.5,744097.5,254.37

134,180173.5,744097.5,247.21

135,180092.5,746167.5,256.33

136,180149.5,746125.5,269.48

137,180158.5,746176.5,280.28

138,179882.5,745795.5,250.26

139,179927.5,745813.5,264.3

140,179879.5,745828.5,257.85

141,177485.5,744694.5,238.21

142,177485.5,744670.5,224.84

143,177539.5,742966.5,245.81

144,177533.5,742972.5,233.3

145,177479.5,742900.5,231.16

146,178997.5,743377.5,232.8

147,179036.5,743395.5,235.87

148,178946.5,743410.5,231.34

149,177830.5,742891.5,241.58

150,177929.5,742906.5,243.85

151,177896.5,742930.5,248.42

152,177695.5,743104.5,239.55

153,177668.5,743152.5,233.82

154,177653.5,743119.5,235.58

155,177593.5,742915.5,251.21

156,177536.5,742921.5,243.02

157,177584.5,742891.5,247.16

158,177671.5,744253.5,238.46

159,177698.5,744235.5,236.45

160,177719.5,744322.5,230.93

161,178802.5,743392.5,228.07

162,178790.5,743419.5,228.1

163,178766.5,743383.5,237.46

164,179711.5,743104.5,250.05

165,179732.5,743059.5,253.49

166,179741.5,743074.5,251.48

167,179981.5,743470.5,288.92

168,180032.5,743506.5,303.22

169,179939.5,743539.5,271.84

170,180257.5,744049.5,249.85

171,180257.5,744082.5,250.53

172,180239.5,744070.5,249.16

173,179876.5,744016.5,255.31

174,179894.5,744028.5,254.26

175,179864.5,744058.5,242.34

176,180128.5,743416.5,287.12

177,180008.5,743077.5,296.29

178,180041.5,743059.5,297.31

179,180023.5,743092.5,297.68

180,180227.5,743476.5,302.36

181,180257.5,743542.5,302.78

182,180206.5,743503.5,304.81

183,180206.5,743395.5,296.44

184,180176.5,743368.5,295.38

185,180233.5,743371.5,304.73

186,179570.5,743518.5,239.15

187,179636.5,743668.5,236.18

188,179522.5,743623.5,232.61

189,180041.5,743410.5,290.1

190,179987.5,743404.5,283.22

191,179999.5,743362.5,270.11

192,179984.5,743272.5,299.22

193,180008.5,743242.5,306.43

194,180035.5,743266.5,306.65

195,180077.5,743593.5,304.21

196,179984.5,743596.5,286.32

197,180050.5,743545.5,304.91

198,180128.5,743248.5,318.55

199,180026.5,743314.5,292.5

200,180143.5,743005.5,306.25

201,180110.5,742957.5,297.19

202,180065.5,743068.5,295.95

203,180044.5,743107.5,296.56

204,180212.5,743014.5,316.68

205,180257.5,743131.5,328.81

206,180257.5,743182.5,326.11

207,180218.5,743188.5,321.08

208,177977.5,745588.5,231.29

209,178046.5,745732.5,235.13

210,177905.5,745588.5,230.56

211,177536.5,746134.5,290.65

212,177536.5,746113.5,288.77

213,177554.5,746134.5,287.3

214,179522.5,746074.5,249.69

215,179549.5,746077.5,254.65

216,179531.5,746131.5,253.39

217,179099.5,746158.5,238.57

218,179303.5,746020.5,237.96

219,179339.5,746239.5,244.26

220,180149.5,743797.5,289.51

221,180080.5,743821.5,306.99

222,179996.5,744016.5,289.64

223,179936.5,743965.5,270.78

224,179828.5,744031.5,261.36

225,179849.5,744010.5,262.02

226,177938.5,744166.5,235.4

227,177989.5,744265.5,225.72

228,177863.5,744229.5,233.22

229,177626.5,746173.5,288.16

230,177623.5,746155.5,282.32

231,177641.5,746143.5,275.78

232,179750.5,745699.5,265.63

233,179687.5,745687.5,293.26

234,179702.5,745645.5,279.18

235,179324.5,745813.5,237.78

236,179342.5,745807.5,245.35

237,179339.5,745843.5,245.03

238,177680.5,743860.5,229.69

239,177557.5,743941.5,226.17

240,177479.5,743827.5,226.17

241,178028.5,744325.5,225.76

242,177986.5,744409.5,225.7

243,177866.5,744358.5,226.36

244,177530.5,744715.5,237.48

245,177485.5,744712.5,240.14

246,177518.5,744688.5,236.11

247,177632.5,745276.5,245.11

248,177719.5,745276.5,236.2

249,177665.5,745324.5,244.18

250,180149.5,746203.5,280.96

251,180119.5,746239.5,279.78

252,180074.5,746200.5,257.78

253,179711.5,745414.5,226.64

254,179783.5,745348.5,227.29

255,179789.5,745510.5,227.34

256,179753.5,746077.5,300.79

257,179789.5,746050.5,290.3

258,179918.5,746152.5,309.88

259,179951.5,746134.5,304.45

260,179951.5,746158.5,303.01

261,179942.5,745846.5,275.67

262,179912.5,745885.5,279.26

263,180257.5,746215.5,264.16

264,180143.5,744544.5,260.12

265,180101.5,744529.5,255.08

266,180107.5,744478.5,266.76

267,180251.5,743707.5,273.63

268,180239.5,743764.5,281.63

269,180242.5,743704.5,277.02

270,180257.5,743866.5,255.72

271,180116.5,744031.5,257.09

272,180077.5,743974.5,287.46

273,180149.5,744019.5,249.4

274,180221.5,745267.5,235.83

275,180236.5,745276.5,235.52

276,180245.5,745285.5,235.37

277,179744.5,745606.5,237.28

278,179717.5,745609.5,261.1

279,179732.5,745558.5,234.89

280,179819.5,745744.5,239.73

281,179816.5,745711.5,226.61

282,179864.5,745735.5,226.25

283,177479.5,744187.5,228.75

284,177476.5,744250.5,240.74

285,177476.5,744187.5,228.29

286,177476.5,745009.5,226.89

287,177476.5,744955.5,230.49

288,177500.5,745006.5,226.87

289,177533.5,742927.5,241.24

290,177503.5,742891.5,244.38

291,178157.5,743206.5,230.67

292,178184.5,743233.5,228.83

293,178166.5,743239.5,233.13

294,178064.5,743593.5,225.77

295,178163.5,743572.5,225.77

296,178100.5,743638.5,240.2

297,179546.5,743149.5,244.81

298,178739.5,742951.5,226.17

299,178769.5,742948.5,238.17

300,178775.5,742960.5,235.52

301,177842.5,743068.5,247.92

302,177806.5,743122.5,244.37

303,177770.5,743092.5,245.01

304,177620.5,743038.5,234.61

305,177566.5,743035.5,242.04

306,177566.5,743014.5,246.04

307,177752.5,743164.5,231.33

308,177863.5,743143.5,246.68

309,177872.5,743266.5,230.32

310,177695.5,742939.5,251.9

311,177767.5,743035.5,249.45

312,177674.5,742993.5,242.76

313,177545.5,744247.5,236.61

314,177533.5,744166.5,241.2

315,177524.5,744289.5,242.48

316,177485.5,744262.5,240.97

317,178010.5,743044.5,243.33

318,177932.5,743035.5,247.66

319,177998.5,742969.5,253.71

320,178235.5,743677.5,231.43

321,178193.5,743770.5,238.46

322,178151.5,743692.5,237.57

323,179750.5,743590.5,280.67

324,179714.5,743611.5,273.18

325,179696.5,743557.5,272.66

326,179924.5,743164.5,277.03

327,179882.5,743182.5,271.92

328,179651.5,743104.5,264.92

329,179648.5,743182.5,245.77

330,179714.5,743764.5,241.46

331,179702.5,743722.5,244.12

332,179792.5,743758.5,269.81

333,180161.5,744004.5,249.41

334,180155.5,744277.5,247.63

335,180104.5,744304.5,255.55

336,180113.5,744259.5,243.09

337,180068.5,743911.5,299.96

338,180056.5,743944.5,297.33

339,179708.5,743971.5,243.83

340,179732.5,743926.5,250.23

341,179774.5,743965.5,259.93

342,180257.5,743314.5,303.42

343,180224.5,743341.5,305.6

344,180224.5,743314.5,306.68

345,180107.5,743152.5,316.3

346,180098.5,743215.5,319.84

347,180059.5,743182.5,309.74

348,180002.5,743134.5,286.78

349,179822.5,743014.5,256.6

350,179789.5,743131.5,278.96

351,180218.5,743224.5,312

352,180254.5,743233.5,313.4

353,180257.5,743440.5,307.54

354,180209.5,743470.5,299.25

355,180224.5,743392.5,300.8

356,180224.5,743413.5,303.85

357,179642.5,743926.5,237.75

358,179651.5,743926.5,239.3

359,179645.5,743941.5,236.03

360,179768.5,743791.5,255.21

361,179750.5,743815.5,243.52

362,180149.5,743383.5,285.95

363,180083.5,743368.5,277.05

364,179990.5,743311.5,290.26

365,179849.5,743728.5,281.11

366,179900.5,743728.5,292.67

367,179873.5,743752.5,284

368,180089.5,743533.5,300.71

369,180170.5,743191.5,323.39

370,180128.5,743068.5,299.64

371,180113.5,743065.5,294.14

372,180110.5,743038.5,299.01

373,180257.5,743020.5,317.91

374,180125.5,742924.5,302

375,180113.5,743086.5,303.51

376,180131.5,743086.5,304.09

377,180158.5,743083.5,313.6

378,180203.5,743104.5,323.99

379,180236.5,743071.5,325.9

380,178850.5,746239.5,283.8

381,178823.5,746239.5,282.56

382,178838.5,746224.5,284.26

383,177695.5,745339.5,240.1

384,177599.5,745843.5,253.92

385,177572.5,745903.5,260.75

386,177524.5,745867.5,249.77

387,179132.5,746239.5,239.49

388,179720.5,745750.5,288.21

389,179696.5,745756.5,297.84

390,177665.5,744322.5,244.59

391,177680.5,744376.5,239.97

392,177626.5,744355.5,243.36

393,180056.5,743656.5,297.9

394,180128.5,743656.5,308.44

395,180092.5,743692.5,302.53

396,180035.5,743806.5,310.65

397,179906.5,743971.5,266.19

398,179852.5,743983.5,268.74

399,179882.5,743941.5,277.64

400,179939.5,744040.5,261.2

401,179924.5,744061.5,258.37

402,179930.5,744022.5,263.16

403,179819.5,743995.5,266.05

404,179813.5,744004.5,261.69

405,179798.5,743989.5,260.21

406,179756.5,744013.5,256.14

407,177563.5,744268.5,240.34

408,177875.5,744052.5,237.07

409,177743.5,744064.5,235.9

410,177836.5,743998.5,246.2

411,177659.5,746212.5,276.98

412,177647.5,746230.5,285.72

413,177635.5,746206.5,294.4

414,177872.5,745924.5,245.34

415,177698.5,746014.5,246.4

416,177698.5,745900.5,241.71

417,177557.5,746167.5,287.13

418,177575.5,746194.5,293.96

419,177545.5,746170.5,288.62

420,179585.5,745540.5,254.18

421,179567.5,745549.5,252.07

422,179582.5,745534.5,257.06

423,179363.5,746059.5,240.63

424,179450.5,746077.5,244.41

425,179414.5,746137.5,248.31

426,177647.5,744103.5,232.79

427,177602.5,744142.5,233.93

428,177695.5,743947.5,233.19

429,177815.5,743950.5,249

430,177923.5,743839.5,247.82

431,177941.5,743788.5,240.73

432,178016.5,743818.5,242.06

433,178277.5,744376.5,235.99

434,178277.5,744418.5,235.8

435,177533.5,744682.5,231.21

436,177485.5,745012.5,227.23

437,177512.5,745312.5,249.54

438,177569.5,745255.5,239.72

439,177554.5,745339.5,249.87

440,177716.5,745627.5,246.95

441,177620.5,745696.5,240.44

442,177626.5,745660.5,247.33

443,180164.5,746239.5,286.23

444,179879.5,745951.5,282.15

445,179936.5,745912.5,274.57

446,179936.5,745954.5,256.8

447,179942.5,745732.5,226.17

448,179990.5,745642.5,226.17

449,179999.5,745723.5,226.21

450,179966.5,745951.5,252.13

451,179990.5,745924.5,259.21

452,180008.5,745939.5,248.21

453,179522.5,746032.5,258.31

454,179492.5,746050.5,247.81

455,179426.5,745978.5,254.56

456,179732.5,745921.5,308.68

457,179771.5,745855.5,294.77

458,179804.5,745918.5,298.84

459,179921.5,746176.5,304.64

460,179906.5,746164.5,311

461,180047.5,745834.5,248.04

462,180008.5,745768.5,242.9

463,180062.5,745771.5,235.3

464,179942.5,745966.5,256.41

465,180209.5,744100.5,256.33

466,180197.5,744172.5,272.77

467,179993.5,744412.5,240.75

468,179966.5,744364.5,242.46

469,179321.5,744724.5,242.1

470,179330.5,744754.5,237.97

471,179303.5,744745.5,242.69

472,180200.5,743542.5,302.91

473,180065.5,743719.5,304.92

474,180227.5,743572.5,297

475,180176.5,743656.5,301.63

476,180146.5,744028.5,254.13

477,180176.5,744040.5,248.59

478,180026.5,743989.5,295.96

479,179993.5,744052.5,280.24

480,180026.5,744082.5,278.06

481,179984.5,744097.5,256.36

482,179912.5,745777.5,249.44

483,179972.5,745768.5,246.39

484,180146.5,745804.5,237.22

485,180107.5,745789.5,231.91

486,180098.5,745762.5,230.48

487,179792.5,745666.5,226.39

488,179762.5,745648.5,237.24

489,179762.5,745612.5,229.36

490,179756.5,745783.5,271.85

491,179789.5,745735.5,251.04

492,179618.5,745972.5,288.61

493,179558.5,746032.5,259.35

494,179522.5,745954.5,261.99

495,179816.5,745894.5,288.12

496,179867.5,745888.5,278.87

497,177731.5,743692.5,226.17

498,177578.5,743623.5,231.07

499,177662.5,743518.5,226.98

500,177476.5,744406.5,239.47

501,177500.5,744313.5,237.4

502,177557.5,744352.5,242.64

503,178331.5,744919.5,239.54

504,178307.5,744868.5,234.81

505,178382.5,744862.5,237.57

506,177476.5,745030.5,234.7

507,177485.5,745039.5,234.79

508,177509.5,745039.5,228.61

509,177842.5,742981.5,245.57

510,177842.5,742969.5,245.89

511,178022.5,743143.5,252.3

512,178013.5,743083.5,248.4

513,178061.5,743128.5,249.61

514,177686.5,743746.5,226.17

515,177743.5,743818.5,238.96

516,177767.5,743848.5,250.12

517,177851.5,743860.5,252.22

518,177770.5,743893.5,248.13

519,179951.5,743032.5,281.48

520,178514.5,743440.5,229.52

521,178463.5,743437.5,225.77

522,178541.5,743407.5,225.78

523,177914.5,742990.5,252.62

524,177929.5,742963.5,254.87

525,177653.5,743053.5,232.47

526,177776.5,742891.5,247.46

527,178142.5,743050.5,244.82

528,178151.5,742993.5,236.11

529,178184.5,743032.5,233.98

530,177890.5,743029.5,243.85

531,177605.5,742906.5,250.77

532,177596.5,744481.5,233.86

533,177605.5,744538.5,226.35

534,177548.5,744538.5,232.21

535,177563.5,744298.5,245.21

536,177593.5,744238.5,246.84

537,177929.5,743194.5,236.44

538,177932.5,743146.5,245.19

539,177989.5,743173.5,247.97

540,178103.5,743020.5,247.47

541,177878.5,743347.5,226.16

542,177929.5,743269.5,229.16

543,177986.5,743293.5,232.7

544,178187.5,743611.5,232.17

545,178211.5,743569.5,227.68

546,179717.5,743533.5,270.03

547,179765.5,743452.5,249.97

548,179648.5,743446.5,242.71

549,179942.5,743341.5,276.85

550,179927.5,743377.5,264.15

551,179909.5,743290.5,280.64

552,179957.5,743302.5,289.5

553,179603.5,743179.5,245.52

554,179708.5,743122.5,250.79

555,179519.5,743155.5,236.53

556,179540.5,743167.5,237.69

557,179762.5,743488.5,254.85

558,180038.5,744034.5,289.43

559,180089.5,744094.5,255.66

560,180122.5,744133.5,253.4

561,180062.5,744127.5,254.83

562,179960.5,744067.5,258.87

563,179819.5,743767.5,266.13

564,179819.5,743731.5,279.44

565,179948.5,744025.5,273.4

566,179654.5,743983.5,243.61

567,179699.5,744013.5,243.97

568,179819.5,744040.5,255.96

569,179816.5,744022.5,262.43

570,180002.5,742999.5,283.66

571,180044.5,743005.5,286.29

572,180002.5,743155.5,293.47

573,180050.5,743215.5,312.63

574,180050.5,742990.5,278.91

575,180062.5,743008.5,282.05

576,179897.5,742957.5,268.92

577,179894.5,742903.5,278.39

578,179957.5,742900.5,292.05

579,179771.5,742942.5,293.28

580,179870.5,742939.5,278.41

581,179867.5,743077.5,283.45

582,180161.5,743356.5,290.15

583,180191.5,743311.5,302.7

584,180134.5,743446.5,292.24

585,180167.5,743494.5,304.49

586,180125.5,743482.5,298.34

587,179669.5,743953.5,243.17

588,179813.5,743836.5,254.39

589,179912.5,743536.5,264.32

590,179888.5,743608.5,285.67

591,179864.5,743551.5,267.66

592,179915.5,743827.5,295.29

593,179864.5,743830.5,278.16

594,179897.5,743806.5,286.94

595,179945.5,743728.5,301.49

596,179906.5,743641.5,293.31

597,179987.5,743716.5,305.08

598,180248.5,743653.5,279.05

599,180251.5,743599.5,285.07

600,180209.5,743131.5,326.69

601,180095.5,743014.5,290.12

602,180137.5,742891.5,298.34

603,179102.5,746191.5,238.24

604,179084.5,746194.5,246.07

605,178853.5,746212.5,281.87

606,178817.5,746173.5,275.37

607,178877.5,746158.5,264.36

608,178799.5,745765.5,257.78

609,178784.5,745771.5,265.41

610,178784.5,745747.5,270.19

611,177545.5,745378.5,249.52

612,177590.5,745408.5,240.13

613,177476.5,745555.5,235.3

614,177512.5,745579.5,233.98

615,179510.5,746239.5,260.51

616,179639.5,745681.5,292.66

617,179669.5,745660.5,290.01

618,179690.5,745939.5,306.76

619,177524.5,745150.5,233.3

620,177542.5,745171.5,234.54

621,177488.5,745198.5,235.97

622,178076.5,745111.5,230.78

623,177953.5,744946.5,230.84

624,179927.5,743788.5,290.42

625,179960.5,743758.5,301.89

626,179816.5,743941.5,269.47

627,179885.5,744004.5,262.52

628,179894.5,744079.5,238.61

629,179954.5,744139.5,227.19

630,179945.5,744073.5,258.74

631,179975.5,744109.5,253.78

632,179795.5,744034.5,261.77

633,179711.5,743860.5,238.41

634,179714.5,743926.5,244.35

635,177614.5,744268.5,249.75

636,177620.5,744211.5,240.89

637,177701.5,744199.5,240.97

638,177806.5,744211.5,231.49

639,177707.5,744121.5,235.41

640,178169.5,745966.5,246.97

641,178277.5,746047.5,261.51

642,178154.5,746119.5,239.09

643,177686.5,746230.5,285.06

644,177707.5,746224.5,278.01

645,177707.5,746236.5,282.06

646,177611.5,746233.5,301.24

647,177551.5,746233.5,279.63

648,177689.5,745468.5,229.29

649,177644.5,745480.5,233.24

650,177644.5,745570.5,242.84

651,177476.5,746032.5,259.58

652,177503.5,745945.5,254.51

653,177518.5,745978.5,258.8

654,177476.5,746173.5,269.2

655,177476.5,746152.5,269.78

656,177485.5,746170.5,269.32

657,179420.5,746014.5,250.91

658,177905.5,743986.5,244.22

659,177638.5,744052.5,230.31

660,177614.5,744052.5,236.69

661,177794.5,743677.5,226.3

662,177818.5,743728.5,230.86

663,177755.5,743701.5,232.39

664,177983.5,743923.5,236.3

665,177935.5,744025.5,242.81

666,178592.5,746002.5,254.87

667,178538.5,745993.5,250.87

668,178574.5,745939.5,256.81

669,178382.5,744712.5,237.12

670,177581.5,744451.5,235.5

671,177602.5,744379.5,236.54

672,177548.5,744889.5,226.7

673,177476.5,745057.5,229.69

674,177479.5,745060.5,229.65

675,177497.5,745048.5,234.78

676,177740.5,746125.5,251.48

677,177710.5,746110.5,257.7

678,177788.5,745588.5,242.89

679,177758.5,745612.5,243.35

680,177713.5,745525.5,240.78

681,180095.5,746113.5,252.31

682,180083.5,746113.5,253.6

683,179978.5,745837.5,269.18

684,179852.5,745792.5,255.3

685,179954.5,745819.5,267.95

686,180023.5,746047.5,267.98

687,180044.5,745975.5,251.24

688,179663.5,746137.5,287.73

689,179606.5,746149.5,276.61

690,179615.5,746128.5,273.72

691,179555.5,745885.5,276.15

692,179900.5,746062.5,296.16

693,179867.5,746215.5,314.24

694,179876.5,746140.5,312.78

695,179942.5,746239.5,301.95

696,179951.5,746203.5,285.16

697,179930.5,746215.5,290.69

698,179957.5,745879.5,276.65

699,180038.5,745870.5,248.63

700,180092.5,746020.5,246.54

701,180077.5,746026.5,247.05

702,180068.5,745996.5,244.59

703,180257.5,744496.5,272.47

704,180221.5,744571.5,260.86

705,180194.5,744538.5,267.25

706,180257.5,744250.5,282.97

707,180227.5,744199.5,278.67

708,180257.5,744181.5,277.48

709,180017.5,744169.5,251.36

710,180023.5,744145.5,254.12

711,180038.5,744145.5,253.86

712,179954.5,744448.5,225.93

713,179981.5,744439.5,237.89

714,179999.5,744466.5,237.15

715,178709.5,744808.5,238.5

716,178847.5,744598.5,236.47

717,178919.5,744778.5,238.48

718,179705.5,745537.5,242.08

719,179675.5,745528.5,256.2

720,179696.5,745522.5,241.93

721,180215.5,743839.5,272.42

722,180188.5,743689.5,296.11

723,180203.5,743722.5,291.89

724,180257.5,743602.5,283.04

725,180224.5,743998.5,250.33

726,180029.5,744124.5,263.76

727,180044.5,745012.5,231.73

728,180131.5,744970.5,229.98

729,180104.5,745021.5,229.37

730,180119.5,746044.5,258.36

731,180137.5,746011.5,255.86

732,179594.5,745594.5,235.3

733,179597.5,745546.5,234.46

734,179612.5,745603.5,235.01

735,179645.5,745627.5,275.73

736,179654.5,745621.5,275.23

737,179645.5,745639.5,277.14

738,179885.5,745759.5,235.21

739,179720.5,746017.5,306.41

740,179654.5,746023.5,293.99

741,179591.5,745798.5,280.02

742,179801.5,746020.5,287.31

743,179810.5,746047.5,287.76

744,177590.5,743545.5,229.1

745,177476.5,743479.5,237.66

746,177620.5,743494.5,230.98

747,177746.5,743734.5,234.07

748,177764.5,743791.5,239.43

749,177503.5,744109.5,236.02

750,177548.5,744124.5,240.46

751,177476.5,744670.5,225.34

752,177479.5,744670.5,225.15

753,177758.5,744394.5,226.38

754,177794.5,744382.5,229.61

755,177755.5,744448.5,226.16

756,177632.5,744646.5,226.37

757,177854.5,744562.5,230.67

758,177650.5,744724.5,226.76

759,177626.5,745162.5,232.91

760,177590.5,745159.5,238.3

761,177602.5,745141.5,233.38

762,177620.5,745114.5,236.43

763,177608.5,745108.5,236.23

764,177608.5,745078.5,231.49

765,177644.5,745057.5,226.7

766,177938.5,743119.5,247.66

767,177935.5,743077.5,252.34

768,177965.5,743122.5,252.09

769,178217.5,743158.5,237.95

770,178190.5,743200.5,228.85

771,178151.5,743182.5,230.21

772,177479.5,743890.5,226.17

773,177752.5,743869.5,242.32

774,179990.5,742942.5,282.9

775,179963.5,742891.5,294.51

776,180029.5,742936.5,287.91

777,179627.5,742891.5,291.84

778,179747.5,742909.5,302.97

779,179678.5,743020.5,278.76

780,179777.5,742891.5,306.57

781,179840.5,742891.5,296.92

782,179894.5,742897.5,279.23

783,177902.5,743095.5,253.93

784,177683.5,742912.5,251.01

785,177629.5,742924.5,246.95

786,177650.5,742957.5,248.49

787,177983.5,742918.5,250.96

788,178064.5,743074.5,238.29

789,177476.5,744703.5,239.39

790,177590.5,744655.5,230.79

791,177569.5,744643.5,225.88

792,177479.5,744259.5,240.84

793,177773.5,743131.5,236.36

794,178049.5,743227.5,233.3

795,178169.5,742930.5,249.54

796,178133.5,742966.5,236.98

797,178145.5,742981.5,236.32

798,177989.5,743665.5,236.55

799,178004.5,743743.5,237.44

800,177941.5,743695.5,231.5

801,178049.5,743629.5,235.95

802,178052.5,743752.5,241.16

803,178160.5,743677.5,233.94

804,178208.5,743659.5,232.33

805,178175.5,743896.5,234.59

806,178247.5,743962.5,225.7

807,178166.5,743953.5,231.96

808,180089.5,743515.5,299.98

809,179840.5,743494.5,256.35

810,179855.5,743389.5,258.73

811,179780.5,743323.5,254.2

812,179768.5,743239.5,273.89

813,180008.5,743449.5,289.07

814,180080.5,743455.5,300.27

815,179936.5,743194.5,287.46

816,179891.5,743257.5,277.72

817,179861.5,743272.5,270.57

818,179540.5,743008.5,257.35

819,179522.5,742951.5,269.78

820,179609.5,742984.5,275.52

821,179522.5,743143.5,238.23

822,179432.5,743200.5,233.74

823,179528.5,743188.5,236.72

824,179471.5,743380.5,233.52

825,179816.5,743233.5,272.82

826,179792.5,743191.5,278.02

827,179825.5,743206.5,277.8

828,179336.5,743575.5,233.87

829,179249.5,743563.5,241.62

830,179333.5,743557.5,241.87

831,179681.5,743767.5,235.63

832,179648.5,743851.5,234

833,180110.5,744139.5,253.91

834,180077.5,744196.5,251.24

835,179891.5,744100.5,225.93

836,179855.5,743860.5,272.06

837,179900.5,743872.5,291.18

838,179948.5,743845.5,301.21

839,179912.5,743902.5,289.23

840,179855.5,743908.5,275.36

841,179621.5,743992.5,233.81

842,179651.5,743998.5,243.34

843,179621.5,744001.5,233.84

844,179702.5,744040.5,248.24

845,179753.5,744022.5,259.67

846,179726.5,744967.5,239.52

847,179717.5,744928.5,233.47

848,179735.5,744928.5,233.58

849,179981.5,744289.5,243.17

850,180002.5,744328.5,239.22

851,180005.5,742954.5,276.16

852,180002.5,742969.5,273.98

853,179945.5,743143.5,279.96

854,179861.5,743191.5,277.47

855,179828.5,743167.5,284.97

856,179954.5,742990.5,268.44

857,179879.5,742999.5,262.21

858,179759.5,742897.5,305.58

859,179924.5,742972.5,273.07

860,180098.5,743431.5,296.73

861,180113.5,743458.5,299.66

862,180257.5,743233.5,313.97

863,179885.5,743641.5,291.38

864,179813.5,743812.5,252.43

865,179783.5,743626.5,282.79

866,179762.5,743668.5,275.43

867,179735.5,743662.5,270.65

868,179960.5,743584.5,277.65

869,179969.5,743602.5,281.05

870,179957.5,743371.5,267.22

871,179108.5,746221.5,240.6

872,179090.5,746239.5,240.89

873,179096.5,746212.5,246.46

874,179423.5,745963.5,255.75

875,179399.5,745957.5,246.28

876,179423.5,745918.5,255.9

877,178910.5,746239.5,258.7

878,178865.5,746239.5,280.67

879,178868.5,746230.5,280.01

880,178529.5,745939.5,248.99

881,178511.5,745945.5,255.48

882,178511.5,745930.5,249.94

883,177974.5,746104.5,237.53

884,177947.5,746137.5,247.14

885,177929.5,746086.5,241.7

886,177527.5,745216.5,240.49

887,177488.5,745417.5,240.45

888,177476.5,745411.5,241.46

889,177503.5,745909.5,251.56

890,177476.5,745492.5,243.48

891,177563.5,745435.5,235

892,177533.5,746080.5,275.07

893,177485.5,746056.5,261.26

894,177542.5,746041.5,276.87

895,179585.5,746149.5,270.01

896,179582.5,746131.5,263.13

897,179621.5,746062.5,284.69

898,179588.5,746086.5,272.85

899,179603.5,746026.5,274.71

900,179588.5,746167.5,269.48

901,179531.5,746047.5,254.05

902,177704.5,745228.5,231.25

903,177647.5,745177.5,232.36

904,177710.5,745147.5,226.7

905,178298.5,745024.5,233.4

906,178412.5,745309.5,237.97

907,178376.5,745333.5,238.06

908,178487.5,744997.5,240.39

909,179957.5,743794.5,297.56

910,179855.5,744088.5,226.97

911,179801.5,744100.5,226

912,179780.5,744085.5,251.01

913,179810.5,744067.5,248.7

914,179975.5,744178.5,226.12

915,179999.5,744136.5,253.1

916,179717.5,744013.5,251.95

917,179771.5,744058.5,260.55

918,179651.5,743914.5,234.99

919,179588.5,744001.5,232.8

920,179348.5,744055.5,231.78

921,177638.5,744235.5,246.66

922,177644.5,744511.5,226.28

923,177926.5,744484.5,231.26

924,177941.5,744622.5,230

925,178034.5,746182.5,237.23

926,178082.5,746230.5,248.29

927,177629.5,746101.5,263.72

928,177605.5,746095.5,262.36

929,177632.5,746062.5,256.06

930,177650.5,746179.5,284.37

931,177524.5,746212.5,273.57

932,177551.5,746239.5,278.67

933,177617.5,746239.5,301.58

934,177596.5,745678.5,248.06

935,177515.5,746095.5,279.82

936,177518.5,746140.5,287.57

937,177614.5,746053.5,262

938,177575.5,746038.5,272.56

939,177584.5,745996.5,257.85

940,177479.5,745741.5,253.93

941,177476.5,745741.5,253.83

942,177476.5,745660.5,239.69

943,177980.5,744055.5,239.19

944,177911.5,743797.5,238.65

945,177896.5,743812.5,245.52

946,177884.5,743773.5,239.46

947,177755.5,743815.5,245.91

948,177779.5,743803.5,246.81

949,178310.5,745915.5,255.82

950,178328.5,745858.5,255.41

951,178382.5,745861.5,254.29

952,178511.5,746239.5,262.73

953,178460.5,746185.5,256.08

954,178553.5,746173.5,269.39

955,179639.5,745399.5,239.82

956,179684.5,745426.5,239.32

957,179603.5,745474.5,239.81

958,179801.5,744361.5,225.99

959,179813.5,744289.5,226.05

960,179870.5,744340.5,231.37

961,177476.5,744691.5,237.97

962,177476.5,745111.5,231.1

963,177560.5,745045.5,232.58

964,177515.5,745048.5,230.46

965,177917.5,746200.5,243.81

966,177719.5,746170.5,259.29

967,177764.5,746218.5,255.62

968,178172.5,745531.5,243.5

969,178253.5,745762.5,242.07

970,178127.5,745588.5,245.68

971,178088.5,745648.5,243.07

972,178061.5,745624.5,237.6

973,180149.5,746077.5,262.7

974,180182.5,746023.5,250.16

975,180221.5,746041.5,247.91

976,180065.5,745927.5,247.66

977,180089.5,745954.5,241.51

978,179909.5,745975.5,261.28

979,179861.5,745933.5,289.31

980,180002.5,746191.5,276.32

981,180089.5,746062.5,248.05

982,180125.5,746116.5,263.18

983,179717.5,746101.5,302.16

984,179726.5,746239.5,311.03

985,179633.5,746089.5,286.29

986,179708.5,746074.5,302.61

987,179801.5,746161.5,313.71

988,179816.5,746239.5,318.61

989,180092.5,745864.5,235.95

990,180047.5,745906.5,242.68

991,180170.5,745882.5,245.69

992,180257.5,745903.5,239.43

993,180023.5,745705.5,226.17

994,180095.5,745591.5,226.23

995,180242.5,744142.5,269.13

996,180014.5,744133.5,253.92

997,179945.5,744334.5,235.33

998,179951.5,744337.5,235.8

999,179939.5,744349.5,241.89

1000,179780.5,744157.5,226

1001,179726.5,744166.5,226

1002,179750.5,744133.5,229.84

1003,179849.5,744739.5,227.32

1004,179936.5,744706.5,226.79

1005,179876.5,744916.5,229.59

1006,178784.5,744883.5,242.72

1007,178559.5,744964.5,238.67

1008,178676.5,744841.5,242.62

1009,178982.5,744772.5,238.49

1010,178952.5,744610.5,237.31

1011,179672.5,745588.5,245.85

1012,179666.5,745594.5,239.56

1013,179663.5,745576.5,234.49

1014,179675.5,745561.5,258.32

1015,179657.5,745552.5,235.23

1016,180257.5,743959.5,261.32

1017,180242.5,743998.5,254.61

1018,180254.5,743761.5,276.88

1019,179903.5,744016.5,261.34

1020,179924.5,743980.5,264.5

1021,180101.5,745834.5,233.92

1022,180137.5,745888.5,246.26

1023,180194.5,746143.5,271

1024,179558.5,745747.5,271.4

1025,179516.5,745699.5,260.21

1026,179546.5,745678.5,270.3

1027,179678.5,745603.5,262.23

1028,179672.5,745603.5,252.34

1029,179672.5,745597.5,246.23

1030,179642.5,745666.5,291.44

1031,179603.5,745657.5,282.94

1032,179618.5,745633.5,271.18

1033,179687.5,745555.5,260.18

1034,179870.5,745600.5,229.92

1035,179720.5,745861.5,304.14

1036,179735.5,745783.5,281.72

1037,179867.5,746002.5,274.23

1038,177476.5,743605.5,232.42

1039,177512.5,743677.5,237.99

1040,177479.5,743689.5,238.08

1041,177638.5,743425.5,226.19

1042,177476.5,744592.5,226.28

1043,177491.5,744007.5,226.17

1044,177554.5,744007.5,237.02

1045,177719.5,744436.5,231.18

1046,177518.5,745063.5,234.61

1047,177596.5,744742.5,232.73

1048,177563.5,745075.5,236.34

1049,177599.5,745099.5,236.14

1050,178184.5,742945.5,248.78

1051,178061.5,742915.5,240.56

1052,177902.5,743203.5,238.69

1053,177926.5,743152.5,239.32

1054,177854.5,743644.5,235.96

1055,177830.5,743614.5,226.17

1056,177884.5,743608.5,229.52

1057,178058.5,743416.5,225.77

1058,180047.5,742972.5,279.3

1059,180020.5,742972.5,275.01

1060,179687.5,743110.5,250.42

1061,178241.5,742966.5,247.35

1062,179894.5,742891.5,280.5

1063,177884.5,743110.5,251.3

1064,177950.5,742891.5,245.82

1065,177944.5,742912.5,245.41

1066,177995.5,742891.5,250.24

1067,177605.5,744643.5,230.13

1068,177614.5,744613.5,226.04

1069,177551.5,744565.5,226.31

1070,178070.5,743326.5,228.07

1071,177998.5,743245.5,238.38

1072,178112.5,742933.5,238.78

1073,178154.5,742915.5,250.15

1074,177926.5,743785.5,236.23

1075,177902.5,743749.5,233.15

1076,178022.5,743878.5,239.24

1077,177839.5,743794.5,245.56

1078,178178.5,744196.5,229.5

1079,178145.5,744205.5,225.7

1080,178127.5,744136.5,225.7

1081,179822.5,743614.5,280.09

1082,179828.5,743365.5,260.27

1083,179852.5,743245.5,263.47

1084,179870.5,743224.5,266.18

1085,179819.5,743299.5,258.63

1086,179966.5,743440.5,284.7

1087,179900.5,743188.5,272.48

1088,179843.5,743254.5,262.14

1089,179582.5,743458.5,240.14

1090,179876.5,743140.5,285.24

1091,179456.5,743146.5,235.82

1092,179453.5,743170.5,230.54

1093,178241.5,743875.5,232.22

1094,178181.5,743854.5,231.99

1095,179663.5,743650.5,245.41

1096,179657.5,743536.5,262.88

1097,179687.5,743572.5,270.41

1098,180134.5,744145.5,246.15

1099,180122.5,744196.5,245.87

1100,179816.5,743863.5,265.59

1101,179843.5,743896.5,275.71

1102,179855.5,743878.5,278.59

1103,180035.5,744139.5,259.08

1104,179930.5,744367.5,242.57

1105,179930.5,744394.5,240.67

1106,179915.5,744385.5,240.06

1107,179918.5,743044.5,280.88

1108,180086.5,742927.5,297.43

1109,180083.5,742894.5,299.49

1110,179897.5,742978.5,264.8

1111,179903.5,742999.5,264.58

1112,179822.5,743662.5,284.58

1113,179882.5,743788.5,272.06

1114,179855.5,743773.5,277.22

1115,180125.5,743521.5,303.87

1116,179336.5,745969.5,243.16

1117,179375.5,745990.5,243.72

1118,178898.5,746200.5,270.71

1119,178901.5,746215.5,269.92

1120,179048.5,746191.5,243.12

1121,179060.5,746239.5,249.1

1122,178991.5,746215.5,246.79

1123,178820.5,745612.5,259.19

1124,178769.5,745573.5,251.52

1125,178790.5,745555.5,248.69

1126,178382.5,745960.5,279.78

1127,177845.5,745522.5,229.24

1128,177992.5,745405.5,233.08

1129,178181.5,745834.5,242.26

1130,178088.5,745915.5,238.35

1131,178106.5,745741.5,241.17

1132,177476.5,745234.5,238.92

1133,177476.5,745339.5,252.48

1134,177635.5,745993.5,250.58

1135,177476.5,745930.5,269.6

1136,177476.5,745885.5,259.91

1137,177482.5,745651.5,239.1

1138,177542.5,746146.5,289.81

1139,179642.5,746188.5,284.41

1140,179570.5,746113.5,264.21

1141,179762.5,745696.5,257.23

1142,179792.5,745708.5,234.76

1143,177743.5,745318.5,227.4

1144,177671.5,745234.5,238.88

1145,177722.5,745246.5,230.35

1146,178517.5,744904.5,242.89

1147,178469.5,744835.5,238.48

1148,178637.5,744808.5,238.49

1149,178004.5,744616.5,235.07

1150,177728.5,745267.5,233.25

1151,178154.5,745492.5,238.08

1152,178052.5,745327.5,236.35

1153,178874.5,745612.5,247.37

1154,178877.5,745642.5,249.44

1155,178859.5,745630.5,249.87

1156,178535.5,745384.5,245.52

1157,178448.5,745330.5,244.7

1158,178520.5,745336.5,245.91

1159,179858.5,744154.5,227.01

1160,179828.5,744115.5,225.37

1161,179861.5,744223.5,233.68

1162,179819.5,744253.5,231.71

1163,179831.5,744160.5,230.42

1164,177656.5,744409.5,239.24

1165,177728.5,744238.5,238.78

1166,177797.5,744328.5,231.62

1167,178457.5,746089.5,258.65

1168,178496.5,746113.5,270.58

1169,178469.5,746122.5,269.21

1170,178121.5,746239.5,246.18

1171,178091.5,746239.5,248.69

1172,178094.5,746221.5,247.05

1173,178067.5,746191.5,240.59

1174,177569.5,746089.5,279.49

1175,177659.5,746140.5,267.02

1176,177584.5,746182.5,292.32

1177,177608.5,746197.5,296.67

1178,177476.5,746128.5,272.83

1179,177551.5,746083.5,281.35

1180,177560.5,746116.5,284.55

1181,177524.5,745771.5,247.53

1182,177485.5,745741.5,254.14

1183,177518.5,745744.5,254.6

1184,177920.5,744115.5,233.35

1185,178079.5,744148.5,225.7

1186,177776.5,743746.5,238.1

1187,177836.5,743752.5,233.36

1188,177920.5,743806.5,243.99

1189,178406.5,745741.5,242.15

1190,178271.5,745507.5,239.15

1191,178457.5,746077.5,256.41

1192,178499.5,746071.5,254.46

1193,178451.5,745978.5,269.46

1194,178481.5,745993.5,262.54

1195,178442.5,746008.5,275.75

1196,178340.5,746116.5,256.92

1197,178355.5,746056.5,272.66

1198,178367.5,746104.5,262.23

1199,180203.5,744691.5,259.61

1200,180257.5,744712.5,259.34

1201,180245.5,744748.5,263.46

1202,179750.5,744997.5,241.73

1203,179801.5,745069.5,243.13

1204,179714.5,745072.5,226.1

1205,179882.5,744196.5,233.07

1206,177725.5,745222.5,232.4

1207,177899.5,746095.5,249.84

1208,177911.5,746107.5,245.46

1209,177851.5,746110.5,252.28

1210,177767.5,745837.5,237.89

1211,177812.5,745702.5,240.28

1212,177863.5,745813.5,235.32

1213,177557.5,745975.5,261.69

1214,178409.5,745396.5,243.81

1215,178421.5,745330.5,244.11

1216,177782.5,745258.5,226.55

1217,177791.5,745258.5,229.98

1218,177773.5,745279.5,230.86

1219,178442.5,745309.5,238.04

1220,178475.5,745300.5,237.92

1221,178037.5,745570.5,242.7

1222,180074.5,746239.5,262.44

1223,180065.5,746206.5,261.44

1224,180029.5,746185.5,269.41

1225,179870.5,746086.5,303.28

1226,179819.5,746083.5,298.2

1227,179501.5,745924.5,262.5

1228,179396.5,745975.5,245.66

1229,179615.5,746239.5,280.6

1230,179603.5,746209.5,279.94

1231,179630.5,746209.5,286.59

1232,179900.5,746239.5,298.8

1233,179924.5,746203.5,291.44

1234,179864.5,746239.5,314.7

1235,180098.5,745894.5,237.88

1236,180257.5,744658.5,243.07

1237,180191.5,744631.5,238.5

1238,179930.5,745621.5,232.84

1239,180176.5,744709.5,258.98

1240,179966.5,744265.5,234.33

1241,179948.5,744235.5,225.93

1242,180005.5,744259.5,245.26

1243,179975.5,744427.5,239.38

1244,179999.5,744433.5,239.57

1245,179621.5,744019.5,233.89

1246,179894.5,744349.5,241.77

1247,179570.5,745585.5,260.07

1248,179567.5,745573.5,250.36

1249,179579.5,745579.5,241.59

1250,179777.5,744847.5,226.07

1251,179762.5,744928.5,225.92

1252,179729.5,744877.5,235.64

1253,178886.5,745849.5,246.2

1254,178880.5,745837.5,251.38

1255,178919.5,745807.5,246.95

1256,179405.5,745174.5,234.47

1257,179426.5,745180.5,234.17

1258,179408.5,745186.5,229.25

1259,180002.5,744490.5,225.93

1260,179990.5,744589.5,229.23

1261,179906.5,744529.5,225.93

1262,179492.5,744424.5,234.18

1263,179498.5,744379.5,226

1264,179528.5,744409.5,233.56

1265,179684.5,745591.5,273.43

1266,179681.5,745609.5,273.73

1267,179627.5,745606.5,234.9

1268,179648.5,745603.5,236.1

1269,179672.5,745579.5,248.58

1270,179675.5,745546.5,260.79

1271,179657.5,745528.5,235.94

1272,180257.5,743704.5,270.91

1273,180257.5,743758.5,276.06

1274,180167.5,744055.5,254.23

1275,180257.5,746059.5,244.49

1276,179480.5,745624.5,250.72

1277,179636.5,745633.5,273.61

1278,179678.5,745564.5,262.28

1279,179675.5,745618.5,280.2

1280,179621.5,745621.5,244.38

1281,179624.5,745615.5,236.56

1282,179630.5,745618.5,240.29

1283,179732.5,745630.5,259.37

1284,179687.5,745615.5,276.66

1285,177476.5,743692.5,238.18

1286,177566.5,743701.5,226.37

1287,177479.5,744118.5,233.26

1288,177476.5,744049.5,226.17

1289,177620.5,744454.5,231.05

1290,177656.5,744445.5,235.07

1291,177854.5,744481.5,225.92

1292,177476.5,745168.5,238.36

1293,178172.5,743086.5,242.54

1294,177572.5,743050.5,237.9

1295,179747.5,743113.5,263.71

1296,179627.5,743080.5,271.91

1297,179468.5,742936.5,257.52

1298,179468.5,743020.5,250.13

1299,178202.5,742966.5,247.27

1300,178121.5,743263.5,228.9

1301,178100.5,743290.5,233.33

1302,178250.5,742993.5,243.95

1303,177899.5,744019.5,239.05

1304,177998.5,743788.5,240.27

1305,178286.5,744034.5,225.7

1306,178298.5,744043.5,230.31

1307,178280.5,744064.5,230.12

1308,179882.5,743680.5,291.34

1309,179375.5,743275.5,228.67

1310,179426.5,743362.5,238.41

1311,179297.5,743290.5,241.69

1312,179345.5,743317.5,237.04

1313,179318.5,743350.5,237.56

1314,179033.5,743029.5,235.65

1315,179093.5,743038.5,240.64

1316,179063.5,743095.5,232.29

1317,178565.5,744208.5,233.52

1318,178523.5,744205.5,234.77

1319,178622.5,744160.5,225.93

1320,179135.5,743251.5,228.29

1321,179117.5,743272.5,236

1322,180188.5,744196.5,270.6

1323,180203.5,744295.5,260.56

1324,179705.5,744166.5,230.73

1325,179711.5,744172.5,226.31

1326,179702.5,744172.5,230.36

1327,179741.5,744124.5,239.38

1328,179732.5,744142.5,233.2

1329,179627.5,744115.5,234.68

1330,179660.5,744076.5,243.08

1331,179726.5,744154.5,234.45

1332,179954.5,744313.5,241.49

1333,179741.5,744379.5,231.47

1334,179792.5,744259.5,231.21

1335,179894.5,743770.5,278.69

1336,178940.5,746239.5,251.11

1337,178916.5,746236.5,257.55

1338,178943.5,746197.5,259.15

1339,178820.5,746206.5,282.09

1340,179192.5,745939.5,234.53

1341,179165.5,746005.5,236.1

1342,178487.5,745804.5,245.28

1343,178451.5,745786.5,244.98

1344,178502.5,745759.5,249.18

1345,178934.5,745618.5,238.88

1346,178904.5,745615.5,246.48

1347,178910.5,745525.5,238.57

1348,178136.5,746233.5,237.72

1349,178100.5,746200.5,237.49

1350,178268.5,745972.5,251.48

1351,177869.5,745588.5,230.97

1352,178268.5,745807.5,247.93

1353,178211.5,745852.5,249.07

1354,177488.5,745840.5,257.38

1355,177476.5,745822.5,258.72

1356,177476.5,745780.5,249.88

1357,177752.5,745252.5,231.47

1358,178040.5,744202.5,229.82

1359,178052.5,744208.5,225.7

1360,178433.5,744724.5,243.04

1361,177791.5,745243.5,226.7

1362,178727.5,744610.5,237.87

1363,178475.5,745096.5,237.79

1364,178742.5,746239.5,264.84

1365,178715.5,746239.5,268.53

1366,178745.5,746224.5,267.97

1367,178427.5,746224.5,250.19

1368,178400.5,746203.5,259.88

1369,178142.5,746239.5,237.74

1370,178226.5,746239.5,239.49

1371,178196.5,745891.5,242.87

1372,178208.5,745882.5,248.8

1373,178223.5,745903.5,244.29

1374,177623.5,746215.5,299.62

1375,177674.5,746197.5,271.44

1376,177701.5,746143.5,263.58

1377,177593.5,746116.5,266.16

1378,177608.5,746167.5,282.03

1379,177581.5,746137.5,272.09

1380,177536.5,746020.5,272.64

1381,178265.5,744418.5,231.05

1382,178271.5,744466.5,231.29

1383,178088.5,744427.5,230.37

1384,177779.5,743788.5,240.1

1385,178055.5,743836.5,234.65

1386,178529.5,745561.5,249.85

1387,178496.5,745621.5,242.14

1388,178511.5,745546.5,245.35

1389,178550.5,745303.5,238.04

1390,178553.5,745363.5,238.91

1391,178526.5,745318.5,242.91

1392,178484.5,746056.5,262.61

1393,178460.5,745951.5,257.53

1394,178445.5,745954.5,260.71

1395,178487.5,745951.5,253.89

1396,178319.5,746014.5,259.75

1397,178316.5,745978.5,264.02

1398,178370.5,746005.5,269.04

1399,180125.5,744343.5,263.66

1400,180137.5,744313.5,260.67

1401,180146.5,744748.5,242.71

1402,180146.5,744763.5,246.67

1403,179699.5,744502.5,226.77

1404,179648.5,744523.5,226.1

1405,179693.5,744493.5,238.08

1406,179615.5,745075.5,226.16

1407,179678.5,744958.5,226.1

1408,179927.5,744196.5,225.93

1409,179873.5,744286.5,225.93

1410,179906.5,744268.5,225.93

1411,179909.5,744313.5,229.39

1412,177557.5,745108.5,233.71

1413,177629.5,745195.5,238.65

1414,178139.5,745930.5,244

1415,178172.5,745870.5,241.35

1416,177776.5,745633.5,234.93

1417,177920.5,745873.5,234.11

1418,177884.5,745864.5,238.9

1419,177944.5,745816.5,233.34

1420,178610.5,745672.5,256.13

1421,178562.5,745687.5,261.38

1422,178553.5,745645.5,258.05

1423,178937.5,745033.5,237.92

1424,178409.5,745426.5,243.66

1425,178391.5,745447.5,238.04

1426,178385.5,745414.5,238.2

1427,178040.5,745444.5,238.65

1428,179399.5,745894.5,246.54

1429,179402.5,745867.5,247.56

1430,179336.5,745861.5,244.7

1431,180257.5,744577.5,260.81

1432,180140.5,744646.5,245.43

1433,180170.5,744673.5,257.85

1434,180158.5,744682.5,255.82

1435,179999.5,745735.5,229.84

1436,180146.5,744853.5,242.85

1437,180113.5,744874.5,229.99

1438,180101.5,744811.5,230.22

1439,180194.5,744940.5,246.69

1440,180161.5,744994.5,233.62

1441,180062.5,744286.5,243.16

1442,180017.5,744412.5,250.5

1443,180005.5,744448.5,238.56

1444,180032.5,744436.5,254.9

1445,180029.5,744460.5,248.11

1446,179753.5,744118.5,240.38

1447,179828.5,744424.5,225.94

1448,179849.5,744385.5,225.93

1449,179891.5,744409.5,226.04

1450,180197.5,745252.5,236.11

1451,180170.5,745258.5,235.97

1452,179762.5,745120.5,234.37

1453,179723.5,745126.5,227.18

1454,180182.5,744811.5,255

1455,180104.5,744736.5,229.83

1456,180128.5,744748.5,237.8

1457,180068.5,744784.5,226.69

1458,179081.5,746146.5,243.85

1459,179015.5,746056.5,244.37

1460,178772.5,745486.5,251.88

1461,178772.5,745450.5,246.84

1462,178802.5,745444.5,241.26

1463,179756.5,744508.5,233.43

1464,179789.5,744424.5,232.76

1465,179777.5,744502.5,230.37

1466,179567.5,744733.5,226.1

1467,179555.5,744709.5,226.11

1468,179630.5,744682.5,228

1469,179870.5,744370.5,229.09

1470,179636.5,744433.5,238.38

1471,179618.5,744316.5,226

1472,179642.5,745609.5,247.06

1473,179678.5,745582.5,263.64

1474,179681.5,745552.5,261.2

1475,179681.5,745579.5,268.8

1476,179591.5,745723.5,281.49

1477,179609.5,745678.5,288.74

1478,179648.5,745549.5,234.54

1479,179657.5,745603.5,245.76

1480,179633.5,745630.5,267.26

1481,177476.5,743830.5,226.17

1482,177620.5,744013.5,228.94

1483,177572.5,745120.5,233.37

1484,178085.5,742891.5,239.76

1485,178145.5,742891.5,250.77

1486,178091.5,742903.5,239.32

1487,178310.5,742981.5,233.38

1488,178082.5,743152.5,245.9

1489,177749.5,743140.5,237.57

1490,179297.5,742981.5,256.64

1491,179246.5,742945.5,260.84

1492,179309.5,742939.5,256.72

1493,178781.5,742891.5,249.86

1494,178829.5,742942.5,248.58

1495,178811.5,743011.5,245.53

1496,177920.5,743791.5,236.73

1497,178268.5,744256.5,235.74

1498,178358.5,744250.5,237.89

1499,179456.5,744148.5,233.16

1500,179321.5,743011.5,251.94

1501,179369.5,743014.5,241.25

1502,179333.5,743041.5,243.05

1503,179441.5,742915.5,248.21

1504,179468.5,742891.5,251.27

1505,179402.5,743164.5,235.95

1506,179348.5,742960.5,249.72

1507,179426.5,742939.5,247.86

1508,179633.5,744166.5,228.83

1509,179702.5,744178.5,226

1510,179249.5,743359.5,251.5

1511,179330.5,743377.5,229.35

1512,179336.5,743413.5,229.11

1513,179234.5,743176.5,228.2

1514,179195.5,743248.5,232.4

1515,179180.5,743191.5,228.2

1516,180068.5,744412.5,260.86

1517,179651.5,744031.5,243.35

1518,179690.5,744052.5,243.53

1519,179855.5,744241.5,233.11

1520,179762.5,744130.5,226

1521,179846.5,744061.5,241.2

1522,179906.5,744334.5,240.86

1523,179882.5,744316.5,227.91

1524,179966.5,744343.5,236.58

1525,179984.5,744331.5,242.58

1526,179879.5,744241.5,225.93

1527,179879.5,744223.5,233.17

1528,179897.5,744226.5,226.1

1529,179651.5,744532.5,226.1

1530,179897.5,743782.5,278.9

1531,178982.5,746185.5,251.26

1532,179327.5,745969.5,239.35

1533,179108.5,745909.5,240.12

1534,179069.5,745942.5,239.99

1535,178739.5,745903.5,266.82

1536,178682.5,745900.5,260.98

1537,178721.5,745873.5,260.43

1538,178778.5,746209.5,277.57

1539,178484.5,745714.5,242.32

1540,178640.5,745828.5,268.51

1541,178646.5,745852.5,263.69

1542,178592.5,745852.5,257.84

1543,179240.5,745810.5,236.47

1544,179243.5,745828.5,233.93

1545,179075.5,745603.5,240.75

1546,179072.5,745573.5,235.8

1547,179099.5,745561.5,237.74

1548,178253.5,746134.5,246.94

1549,178184.5,745882.5,241.79

1550,178400.5,745984.5,279.54

1551,178406.5,746020.5,279.18

1552,178376.5,746029.5,276.57

1553,178226.5,745882.5,246.59

1554,178238.5,745879.5,251.46

1555,177536.5,745807.5,246.6

1556,178262.5,744400.5,231.32

1557,178079.5,744595.5,236.55

1558,178142.5,744622.5,231.42

1559,178133.5,744673.5,236.49

1560,178238.5,744958.5,230.97

1561,178442.5,744844.5,242.04

1562,178454.5,744727.5,238.33

1563,178487.5,744982.5,244.98

1564,178790.5,746182.5,270.2

1565,178478.5,746149.5,270.22

1566,178337.5,746164.5,258.07

1567,178412.5,746122.5,270.44

1568,178436.5,746155.5,267.27

1569,177938.5,746020.5,239.63

1570,177944.5,745933.5,234.09

1571,177992.5,746044.5,235.49

1572,177725.5,746152.5,260.29

1573,177917.5,746005.5,247.11

1574,177632.5,746224.5,295.79

1575,177698.5,746215.5,277.18

1576,177563.5,746152.5,279.88

1577,177740.5,745645.5,236.07

1578,178412.5,744244.5,239.57

1579,178367.5,744214.5,231.83

1580,178151.5,743848.5,236.39

1581,178082.5,743947.5,230.12

1582,178697.5,745645.5,263.41

1583,178751.5,745672.5,267.64

1584,178619.5,745720.5,264.84

1585,178514.5,745630.5,246.28

1586,178523.5,745882.5,247.8

1587,178463.5,745918.5,269.08

1588,178502.5,745891.5,260.43

1589,178469.5,745894.5,268.8

1590,178454.5,745876.5,266.86

1591,178448.5,745912.5,271.97

1592,178442.5,745942.5,265.4

1593,178424.5,745966.5,268.39

1594,178310.5,746107.5,259.29

1595,180056.5,744640.5,226.22

1596,180083.5,744568.5,230.08

1597,180113.5,744610.5,230.84

1598,179774.5,744691.5,233.45

1599,180218.5,744820.5,258.43

1600,180257.5,744757.5,262.56

1601,178919.5,744796.5,242.32

1602,179693.5,744814.5,235.18

1603,179762.5,744778.5,236.09

1604,179744.5,744832.5,235.88

1605,179708.5,744877.5,235.77

1606,179732.5,745003.5,240.18

1607,179828.5,744085.5,228.12

1608,177584.5,745129.5,233.44

1609,177590.5,745132.5,233.43

1610,177722.5,745801.5,244.71

1611,178061.5,746014.5,236.03

1612,178790.5,745672.5,252.87

1613,178784.5,745708.5,268.76

1614,178775.5,745690.5,261.21

1615,178682.5,745576.5,259.6

1616,178691.5,745624.5,254.08

1617,178670.5,745612.5,252.69

1618,178511.5,745294.5,237.99

1619,178400.5,745333.5,243.6

1620,180062.5,746194.5,266.24

1621,180053.5,746179.5,264.59

1622,179606.5,745687.5,286.29

1623,179402.5,745795.5,248.25

1624,180065.5,744541.5,231.06

1625,180041.5,744508.5,232.46

1626,180083.5,744511.5,249.74

1627,180107.5,744715.5,230.12

1628,180110.5,744655.5,230.98

1629,180167.5,744889.5,237.18

1630,180158.5,744916.5,240.78

1631,180119.5,744898.5,229.88

1632,180257.5,745768.5,229.44

1633,180185.5,744424.5,264.23

1634,180188.5,744496.5,269.95

1635,180026.5,744523.5,225.92

1636,180071.5,744460.5,262.39

1637,179870.5,744232.5,233.01

1638,179864.5,744250.5,225.93

1639,179735.5,744199.5,226

1640,179780.5,744112.5,226

1641,179768.5,744094.5,249.38

1642,179822.5,744529.5,225.35

1643,179852.5,744490.5,229.6

1644,179807.5,744985.5,225.93

1645,179888.5,745162.5,235.42

1646,179957.5,745120.5,232.23

1647,179900.5,745294.5,234.91

1648,180143.5,744733.5,247.41

1649,180062.5,744715.5,226.17

1650,179210.5,745678.5,236.04

1651,179225.5,745603.5,231.46

1652,179234.5,745684.5,231.8

1653,179108.5,745657.5,235.66

1654,179060.5,745768.5,240.72

1655,178940.5,745636.5,239.53

1656,179207.5,745222.5,237.34

1657,179282.5,745057.5,237.57

1658,179291.5,745138.5,236.48

1659,178718.5,745582.5,264.33

1660,179705.5,744490.5,238.22

1661,179621.5,744865.5,226.1

1662,179666.5,744892.5,226.1

1663,179624.5,744895.5,226.2

1664,179540.5,744574.5,230.9

1665,179453.5,744481.5,230.7

1666,179531.5,744478.5,230.74

1667,178910.5,744490.5,229.34

1668,179060.5,744475.5,230.33

1669,179000.5,744502.5,226

1670,179690.5,744037.5,243.59

1671,179522.5,744193.5,233.77

1672,179513.5,744217.5,234

1673,179498.5,744196.5,240.93

1674,179645.5,744505.5,238.65

1675,179408.5,744316.5,233.75

1676,179393.5,744199.5,233.66

1677,179417.5,744208.5,241.59

1678,179714.5,745519.5,240.25

1679,179717.5,745534.5,240.54

1680,179732.5,745528.5,229.47

1681,179750.5,745540.5,226.4

1682,179630.5,745615.5,238.72

1683,179642.5,745525.5,234.81

1684,179615.5,745522.5,234.83

1685,179621.5,745492.5,236.3

1686,179615.5,745621.5,253.98

1687,179609.5,745618.5,253.14

1688,179585.5,745636.5,268.35

1689,179579.5,745651.5,270.22

1690,177476.5,744115.5,232.78

1691,177509.5,744442.5,233.77

1692,178202.5,743074.5,234.04

1693,177809.5,743308.5,226.16

1694,179384.5,742891.5,266.04

1695,178421.5,742891.5,229.75

1696,177884.5,743590.5,226.17

1697,178769.5,744019.5,231.99

1698,179162.5,744238.5,232.11

1699,178763.5,744319.5,231.77

1700,178445.5,744127.5,230.14

1701,178295.5,744154.5,231.67

1702,179612.5,743479.5,246.78

1703,179651.5,743506.5,258.98

1704,179396.5,744151.5,233.03

1705,179264.5,743002.5,250.37

1706,179273.5,743047.5,237.97

1707,179231.5,743038.5,248.13

1708,179201.5,743038.5,245.1

1709,179213.5,743047.5,243.22

1710,179348.5,743068.5,237.69

1711,179519.5,742891.5,270.82

1712,179432.5,743017.5,241.9

1713,179441.5,742957.5,245.89

1714,179441.5,742939.5,247.24

1715,179576.5,744229.5,231.13

1716,179534.5,744250.5,232.91

1717,179480.5,744172.5,240.96

1718,179453.5,744181.5,241.27

1719,179213.5,743503.5,242.86

1720,179162.5,743470.5,236.11

1721,179237.5,743566.5,241.08

1722,179129.5,743602.5,234.11

1723,179318.5,743032.5,246.57

1724,179252.5,743194.5,228.37

1725,179261.5,743188.5,228.37

1726,179267.5,743209.5,234.92

1727,180104.5,744391.5,259.5

1728,180086.5,744430.5,264.45

1729,179963.5,744613.5,225.98

1730,179858.5,743797.5,265.98

1731,179042.5,746134.5,242.27

1732,179546.5,745594.5,263.36

1733,179480.5,745588.5,252.39

1734,178769.5,746047.5,284.99

1735,178775.5,746095.5,284.28

1736,178754.5,746068.5,280.11

1737,178676.5,746239.5,262.51

1738,178682.5,746167.5,272.35

1739,178763.5,746188.5,276.46

1740,178481.5,745816.5,253.88

1741,178499.5,745822.5,249.32

1742,178853.5,746050.5,267.24

1743,178874.5,746083.5,250.36

1744,178856.5,746092.5,251.5

1745,178805.5,745726.5,269.04

1746,178775.5,745738.5,271.1

1747,178901.5,745702.5,248.32

1748,178883.5,745753.5,244.94

1749,179204.5,745816.5,236.83

1750,179144.5,745579.5,233.65

1751,179381.5,745093.5,232.12

1752,179387.5,745147.5,228.03

1753,179366.5,745144.5,227.7

1754,178385.5,746062.5,274.92

1755,177914.5,746041.5,248.13

1756,178484.5,746026.5,268.7

1757,178502.5,746032.5,265.81

1758,178397.5,746104.5,271.07

1759,178382.5,746128.5,268.53

1760,178427.5,746065.5,260.41

1761,178409.5,746041.5,270.46

1762,178484.5,745861.5,262.71

1763,177908.5,744448.5,226.17

1764,178283.5,744208.5,233.43

1765,178019.5,744475.5,233.36

1766,178415.5,744895.5,243.4

1767,178655.5,746194.5,271.55

1768,178640.5,746212.5,269.68

1769,178577.5,746137.5,259.77

1770,178532.5,746107.5,267.09

1771,178556.5,746101.5,256.67

1772,178412.5,746236.5,248.91

1773,178406.5,746239.5,248.33

1774,178418.5,746104.5,270.28

1775,178190.5,745867.5,248.56

1776,178076.5,746182.5,237.02

1777,177647.5,746239.5,290.81

1778,177653.5,746233.5,286.64

1779,177710.5,746230.5,279.2

1780,177767.5,746227.5,255.79

1781,177476.5,746062.5,260.63

1782,177707.5,745600.5,246.9

1783,178547.5,744448.5,240.27

1784,178274.5,744160.5,227.53

1785,178106.5,743770.5,236.61

1786,178745.5,745624.5,265.5

1787,178661.5,745642.5,258.59

1788,178541.5,745540.5,245.18

1789,178475.5,745459.5,244.58

1790,178589.5,745468.5,244.31

1791,178514.5,745846.5,246.98

1792,178529.5,745834.5,246.48

1793,178553.5,745876.5,247.38

1794,178511.5,745972.5,260.56

1795,178322.5,746131.5,252.87

1796,179990.5,744685.5,231.76

1797,179978.5,744622.5,230.2

1798,180083.5,744544.5,244.49

1799,180029.5,744484.5,235.49

1800,180053.5,744496.5,246.19

1801,179396.5,745381.5,233.39

1802,179378.5,745492.5,243.46

1803,179306.5,745423.5,231.62

1804,179249.5,744550.5,231.29

1805,179261.5,744577.5,237.21

1806,179201.5,744589.5,237.3

1807,179645.5,744949.5,226.1

1808,179411.5,745102.5,226.5

1809,179468.5,745006.5,232.86

1810,179516.5,745087.5,226.4

1811,179849.5,745102.5,237.46

1812,178643.5,745474.5,245.27

1813,178748.5,745510.5,256.64

1814,178649.5,745441.5,238.33

1815,179474.5,745873.5,259.77

1816,179321.5,745852.5,238.51

1817,180101.5,744559.5,246.06

1818,180107.5,744583.5,235.67

1819,180041.5,744535.5,230.25

1820,180014.5,745582.5,228

1821,179873.5,745102.5,236.07

1822,180236.5,745036.5,243.34

1823,180158.5,745123.5,233.32

1824,180140.5,745024.5,237.49

1825,180200.5,744856.5,251.73

1826,180137.5,745357.5,237.61

1827,180203.5,745738.5,228.51

1828,180257.5,745498.5,226.17

1829,180197.5,744367.5,268.4

1830,180221.5,744322.5,269.41

1831,180176.5,744301.5,254.08

1832,180017.5,744490.5,234.54

1833,180008.5,744475.5,236.5

1834,180092.5,744499.5,259.63

1835,179831.5,744262.5,226.46

1836,179900.5,745084.5,232.01

1837,179804.5,745105.5,238.54

1838,179846.5,745120.5,231.3

1839,179147.5,745540.5,232.48

1840,178775.5,745429.5,238.28

1841,178847.5,745435.5,241.11

1842,179594.5,744475.5,239.43

1843,179621.5,744532.5,235.43

1844,179594.5,744790.5,226.1

1845,179642.5,744736.5,228.27

1846,179420.5,744187.5,240.68

1847,179447.5,744217.5,241.57

1848,179297.5,744388.5,228.76

1849,179354.5,744355.5,233.37

1850,179351.5,744373.5,226

1851,179354.5,744340.5,234.44

1852,179222.5,744271.5,236.4

1853,178721.5,744061.5,225.94

1854,178703.5,744193.5,232.13

1855,179498.5,744295.5,226

1856,179456.5,744433.5,226

1857,179429.5,744331.5,226

1858,179495.5,744280.5,233.12

1859,179669.5,745645.5,281.19

1860,179783.5,745693.5,234.41

1861,179852.5,745504.5,236.48

1862,179729.5,745486.5,227.31

1863,179693.5,745453.5,239.75

1864,179615.5,745537.5,234.31

1865,179606.5,745534.5,239.14

1866,179693.5,745516.5,242.02

1867,179552.5,745627.5,267.7

1868,179573.5,745612.5,260.84

1869,178022.5,742924.5,249.71

1870,178208.5,743059.5,232.09

1871,177908.5,743644.5,234.33

1872,177998.5,743611.5,229.09

1873,178964.5,742966.5,238.06

1874,178994.5,742936.5,241.35

1875,178382.5,742921.5,229.74

1876,178226.5,743557.5,225.77

1877,178679.5,744193.5,232.47

1878,178664.5,744199.5,225.93

1879,178688.5,744169.5,226.03

1880,178424.5,743908.5,225.7

1881,178526.5,743872.5,225.7

1882,178514.5,743905.5,232.03

1883,178433.5,743974.5,228.55

1884,178394.5,743971.5,231.19

1885,179327.5,743203.5,234.91

1886,179345.5,743173.5,228.6

1887,179375.5,743197.5,228.72

1888,179366.5,743329.5,228.78

1889,178427.5,743707.5,233.58

1890,178373.5,743803.5,225.91

1891,178358.5,743716.5,232.82

1892,178712.5,743923.5,225.93

1893,178724.5,743911.5,231.21

1894,179225.5,743161.5,234.61

1895,179240.5,743107.5,234.57

1896,179243.5,743170.5,228.34

1897,179129.5,743005.5,248.75

1898,179108.5,742942.5,252.43

1899,179216.5,742891.5,252.27

1900,179210.5,742933.5,251.39

1901,179045.5,742936.5,251.82

1902,179348.5,743158.5,233.36

1903,179327.5,743164.5,228.76

1904,179321.5,743137.5,234.03

1905,179522.5,744145.5,233.11

1906,179498.5,744181.5,241.04

1907,179243.5,743584.5,233.77

1908,179198.5,743170.5,235.28

1909,179021.5,743362.5,228.12

1910,179042.5,743356.5,236.37

1911,179042.5,743374.5,232.99

1912,178691.5,743881.5,231.15

1913,178706.5,743899.5,230.77

1914,178694.5,743902.5,225.93

1915,179306.5,743062.5,236.83

1916,179192.5,743059.5,246.26

1917,179204.5,743071.5,244.83

1918,179180.5,743077.5,242.68

1919,179768.5,744517.5,226.24

1920,180080.5,743041.5,287.08

1921,179834.5,743779.5,270.81

1922,178964.5,746164.5,249.45

1923,179372.5,745567.5,245.09

1924,179342.5,745588.5,248.42

1925,179357.5,745564.5,248.52

1926,179588.5,745552.5,235.85

1927,178706.5,746065.5,272.61

1928,178742.5,746080.5,282.56

1929,178715.5,746128.5,282.48

1930,178754.5,746164.5,272.37

1931,178745.5,746179.5,277.51

1932,178739.5,746137.5,282.22

1933,178736.5,746194.5,276.17

1934,178781.5,746152.5,262.84

1935,178505.5,745870.5,257.49

1936,178634.5,746062.5,262.67

1937,178643.5,746086.5,267.31

1938,178607.5,746095.5,273.16

1939,178799.5,745990.5,275.89

1940,178754.5,746011.5,278.88

1941,178772.5,745954.5,264.59

1942,178787.5,745792.5,270.36

1943,178814.5,745831.5,262.33

1944,178772.5,745816.5,273.38

1945,178760.5,745663.5,267.56

1946,178790.5,745639.5,266.94

1947,179060.5,745930.5,239.64

1948,179186.5,745621.5,236.2

1949,179192.5,745594.5,235.97

1950,179216.5,745561.5,230.06

1951,179216.5,745471.5,228.74

1952,179570.5,745495.5,253.46

1953,179582.5,745519.5,256.03

1954,179540.5,745504.5,250.07

1955,179447.5,745411.5,242.49

1956,179486.5,745483.5,243.41

1957,177914.5,746167.5,247.94

1958,178451.5,746050.5,268.51

1959,178409.5,746089.5,270.27

1960,178427.5,746023.5,276.72

1961,178481.5,745690.5,242.24

1962,178592.5,745729.5,264.46

1963,178013.5,744412.5,229.91

1964,178268.5,744208.5,229.52

1965,178133.5,743998.5,228.05

1966,178247.5,744667.5,232.3

1967,178244.5,744724.5,235.28

1968,178523.5,746140.5,272.26

1969,178646.5,746167.5,267.46

1970,178610.5,746185.5,267.43

1971,178619.5,746164.5,264.51

1972,178640.5,745909.5,251.16

1973,178610.5,745918.5,260.29

1974,178625.5,745888.5,250.21

1975,178340.5,746239.5,250.3

1976,178349.5,746230.5,252.85

1977,178184.5,745864.5,246.43

1978,177770.5,746239.5,256.37

1979,178538.5,744406.5,236.79

1980,178535.5,744382.5,235.6

1981,178556.5,744400.5,226.27

1982,178457.5,744223.5,235.64

1983,178442.5,743944.5,231.68

1984,178622.5,745564.5,249.3

1985,178595.5,745618.5,251.32

1986,178502.5,746005.5,266.63

1987,178358.5,746209.5,257.57

1988,180026.5,744556.5,226.28

1989,179561.5,744565.5,235.2

1990,179564.5,744604.5,226.11

1991,179555.5,744604.5,232.36

1992,179393.5,744346.5,226

1993,179429.5,744442.5,229.19

1994,179306.5,744487.5,226

1995,179342.5,744469.5,226

1996,179312.5,744496.5,232.38

1997,179726.5,745138.5,230.98

1998,179816.5,745153.5,234.99

1999,179777.5,745276.5,227.52

2000,179450.5,744976.5,237.82

2001,179270.5,744832.5,242.78

2002,179570.5,745396.5,235.96

2003,179534.5,745492.5,242.45

2004,179504.5,745390.5,240.6

2005,179615.5,745255.5,232.86

2006,179678.5,745204.5,226.05

2007,179663.5,745270.5,232.4

2008,178760.5,745546.5,258.47

2009,178742.5,745579.5,261.9

2010,178001.5,745264.5,230.57

2011,179504.5,745804.5,258.17

2012,179531.5,745789.5,267.87

2013,179330.5,745723.5,238.26

2014,179327.5,745765.5,241.19

2015,179258.5,745678.5,236.82

2016,179240.5,745798.5,232.97

2017,180089.5,745804.5,233.63

2018,179966.5,745606.5,232.18

2019,179930.5,745552.5,233.25

2020,179771.5,745129.5,230.85

2021,179810.5,745126.5,231.19

2022,179876.5,745117.5,231.65

2023,180233.5,744937.5,252.54

2024,180206.5,744904.5,249.41

2025,180224.5,744880.5,246.95

2026,180179.5,744886.5,239.27

2027,180257.5,744949.5,255.02

2028,180257.5,745171.5,237.84

2029,180257.5,745090.5,247.37

2030,180128.5,745384.5,233.95

2031,180134.5,745402.5,236.45

2032,180095.5,745456.5,234.19

2033,180215.5,745240.5,242.49

2034,180182.5,745201.5,240.27

2035,178754.5,745456.5,249.18

2036,179354.5,744490.5,230.6

2037,179546.5,744631.5,231.14

2038,179543.5,744718.5,231.61

2039,179582.5,744811.5,231.27

2040,179600.5,744820.5,226.1

2041,179630.5,744799.5,226.1

2042,179696.5,744751.5,235.08

2043,179660.5,744817.5,233.21

2044,179276.5,744415.5,226

2045,178535.5,744352.5,235.09

2046,178553.5,744310.5,226.97

2047,178550.5,744367.5,225.93

2048,178667.5,744205.5,226.21

2049,179561.5,744190.5,233.36

2050,179597.5,744532.5,239.2

2051,179543.5,744262.5,226

2052,179897.5,745552.5,237.66

2053,179768.5,745603.5,226.44

2054,179600.5,745528.5,243.02

2055,179591.5,745534.5,254.1

2056,179582.5,745588.5,241.28

2057,179591.5,745690.5,275.82

2058,177476.5,743524.5,240.79

2059,178109.5,743104.5,236.59

2060,178040.5,743617.5,234.07

2061,177833.5,743659.5,233.57

2062,179321.5,742891.5,261

2063,178751.5,742906.5,240.93

2064,178871.5,742900.5,249.45

2065,178874.5,742891.5,248.21

2066,178925.5,742933.5,243.74

2067,178964.5,742939.5,238.79

2068,178040.5,742891.5,241.24

2069,178241.5,743647.5,236.37

2070,178670.5,743884.5,225.99

2071,178703.5,744004.5,225.93

2072,178562.5,743914.5,225.93

2073,178556.5,744379.5,225.93

2074,178697.5,744208.5,228.58

2075,178322.5,744016.5,230.49

2076,179141.5,743314.5,238.55

2077,179147.5,743272.5,236.21

2078,179360.5,743251.5,236.86

2079,179294.5,743461.5,247.68

2080,179246.5,744403.5,232.02

2081,179210.5,744391.5,232.2

2082,179210.5,744286.5,231.96

2083,179183.5,743041.5,246.42

2084,179171.5,742993.5,252.73

2085,179162.5,742918.5,249.57

2086,179045.5,742891.5,259.24

2087,178913.5,742978.5,252.59

2088,178889.5,743269.5,228.07

2089,178898.5,743191.5,228.59

2090,178943.5,743242.5,228.15

2091,179417.5,743182.5,230.29

2092,179288.5,742891.5,253.79

2093,179411.5,744184.5,238.55

2094,179147.5,743179.5,228.15

2095,179144.5,743242.5,228.07

2096,179096.5,743188.5,228.07

2097,178838.5,743776.5,235.51

2098,178853.5,743767.5,232.09

2099,178841.5,743779.5,235.03

2100,178829.5,743791.5,231.92

2101,178802.5,743794.5,231.69

2102,178652.5,743593.5,228.08

2103,178577.5,743431.5,232.57

2104,178682.5,743509.5,229.25

2105,179144.5,743050.5,237.84

2106,179171.5,743092.5,236.61

2107,179147.5,743158.5,233.7

2108,178988.5,746110.5,250.37

2109,178985.5,746146.5,247.66

2110,178952.5,746095.5,250.06

2111,178916.5,746128.5,258.24

2112,179327.5,745633.5,238.83

2113,179582.5,745603.5,245.66

2114,178886.5,746107.5,255.23

2115,178802.5,745918.5,262.74

2116,178805.5,745861.5,251.83

2117,178838.5,745891.5,251.72

2118,178562.5,745819.5,257.15

2119,178664.5,746113.5,272.24

2120,178631.5,746122.5,273.73

2121,178634.5,746107.5,274.6

2122,178796.5,746041.5,284.21

2123,178823.5,746062.5,275.59

2124,178958.5,745918.5,239.71

2125,178931.5,745909.5,246.63

2126,178802.5,745630.5,265.19

2127,178850.5,745573.5,247.15

2128,178892.5,745528.5,243.52

2129,179612.5,745390.5,239.73

2130,179438.5,745168.5,227.87

2131,179138.5,745492.5,231.73

2132,178568.5,745759.5,260.88

2133,178286.5,744487.5,235.76

2134,178163.5,744214.5,229.51

2135,178340.5,743962.5,225.7

2136,178304.5,744007.5,225.7

2137,178079.5,744082.5,230.95

2138,178670.5,746131.5,275.69

2139,178742.5,746053.5,275.76

2140,178691.5,746032.5,266.51

2141,178670.5,746002.5,262.15

2142,178706.5,745987.5,269.37

2143,177680.5,746239.5,289.56

2144,177707.5,746239.5,283.03

2145,178493.5,743956.5,230.55

2146,178592.5,744226.5,225.99

2147,178601.5,744202.5,233.13

2148,178274.5,744496.5,231.19

2149,178460.5,744277.5,240.75

2150,178472.5,744244.5,235.86

2151,178457.5,744238.5,240.43

2152,179687.5,744688.5,233.83

2153,179594.5,745003.5,229.48

2154,179645.5,745177.5,231.91

2155,179513.5,745201.5,228.36

2156,179480.5,744982.5,232.61

2157,179270.5,744412.5,232.61

2158,179252.5,744427.5,226.09

2159,179669.5,745141.5,226.4

2160,179525.5,745219.5,233.17

2161,179597.5,744850.5,231.32

2162,179462.5,744775.5,232.27

2163,179744.5,745312.5,227

2164,179750.5,745300.5,232.4

2165,179633.5,745372.5,232.54

2166,179684.5,745309.5,226.4

2167,179576.5,745303.5,233.89

2168,179666.5,745309.5,231.22

2169,179681.5,745270.5,226.22

2170,179510.5,745783.5,257.72

2171,179429.5,745789.5,255.9

2172,179495.5,745750.5,261.24

2173,179363.5,745744.5,247

2174,179384.5,745690.5,247.81

2175,179411.5,745771.5,249.24

2176,179360.5,745615.5,246.07

2177,179876.5,745372.5,234.38

2178,180257.5,744844.5,254.4

2179,180239.5,744880.5,249.41

2180,180227.5,744901.5,252.07

2181,180257.5,745384.5,234.53

2182,180230.5,745243.5,241.47

2183,179225.5,744436.5,226

2184,179441.5,744766.5,237.67

2185,179345.5,744733.5,238.03

2186,179456.5,744664.5,235.77

2187,179567.5,744787.5,231.46

2188,179615.5,744895.5,230.76

2189,179636.5,744817.5,226.1

2190,179612.5,744844.5,226.18

2191,179645.5,744838.5,226.16

2192,179291.5,744499.5,226.84

2193,178460.5,744253.5,240.43

2194,179396.5,744601.5,237.56

2195,179372.5,744568.5,234.75

2196,179558.5,744634.5,226.1

2197,179687.5,744721.5,234.97

2198,179609.5,744226.5,229.12

2199,179678.5,745513.5,237.99

2200,179663.5,745516.5,236.04

2201,179606.5,745489.5,239.16

2202,179588.5,745498.5,254.18

2203,179669.5,745528.5,252.77

2204,179672.5,745522.5,253.06

2205,179675.5,745522.5,252.79

2206,178937.5,742891.5,241.47

2207,178877.5,742993.5,254.19

2208,178283.5,743740.5,231.67

2209,178343.5,743638.5,233.2

2210,178826.5,743629.5,234.67

2211,178811.5,743782.5,235.2

2212,179153.5,744463.5,229.66

2213,179186.5,744394.5,232.08

2214,179255.5,743059.5,241.7

2215,179216.5,743008.5,252.76

2216,178961.5,743047.5,249.47

2217,179213.5,742975.5,256.08

2218,178949.5,743584.5,235.66

2219,178925.5,743503.5,234.93

2220,178919.5,743581.5,242.62

2221,178931.5,743602.5,239.51

2222,179072.5,743356.5,238.09

2223,179069.5,743302.5,236.49

2224,178943.5,743614.5,234.7

2225,178784.5,743587.5,229.46

2226,178766.5,743029.5,227.8

2227,178790.5,743053.5,234.85

2228,178775.5,743065.5,233.54

2229,178268.5,743545.5,225.79

2230,178292.5,743560.5,237.32

2231,178259.5,743566.5,237.14

2232,179117.5,743167.5,228.57

2233,179195.5,743098.5,237.21

2234,178934.5,745789.5,240.58

2235,179015.5,745927.5,239.04

2236,178910.5,746050.5,249.16

2237,179336.5,745777.5,240.16

2238,178946.5,746053.5,248.51

2239,178979.5,746074.5,250.43

2240,178679.5,746074.5,277.91

2241,178769.5,745870.5,253.68

2242,178667.5,745876.5,253.35

2243,178694.5,745864.5,255.86

2244,178736.5,745858.5,259.01

2245,178589.5,746068.5,270.02

2246,178919.5,746020.5,252.53

2247,178943.5,746029.5,247.48

2248,178892.5,745936.5,248.95

2249,178868.5,745990.5,254.75

2250,178847.5,746002.5,260.04

2251,178889.5,746020.5,258.44

2252,178925.5,745663.5,239.63

2253,178871.5,745666.5,247.17

2254,178862.5,745648.5,244.33

2255,179024.5,745579.5,236.6

2256,178820.5,745483.5,241.5

2257,178826.5,745567.5,251.94

2258,178853.5,745603.5,252.74

2259,179234.5,745240.5,233.82

2260,179252.5,745219.5,237.13

2261,179156.5,745423.5,229.6

2262,179216.5,745336.5,227.68

2263,179294.5,745393.5,235.32

2264,179216.5,745432.5,228.73

2265,179099.5,745501.5,238.3

2266,178532.5,746047.5,252

2267,178502.5,745804.5,245.1

2268,178505.5,744688.5,238.8

2269,178295.5,744568.5,236.46

2270,178238.5,744370.5,234.25

2271,178280.5,744130.5,227.63

2272,178667.5,746047.5,272.96

2273,178526.5,745987.5,257.7

2274,178541.5,746008.5,251.47

2275,178553.5,744235.5,228.48

2276,178676.5,744202.5,230.68

2277,178514.5,745666.5,251.75

2278,180077.5,744838.5,227.02

2279,179405.5,745156.5,227.97

2280,179453.5,744604.5,230.5

2281,179423.5,744604.5,230.99

2282,179819.5,745315.5,232.36

2283,179738.5,745294.5,227.15

2284,178286.5,744592.5,231.61

2285,178280.5,744556.5,231.28

2286,179456.5,745696.5,251.61

2287,180068.5,745555.5,233.02

2288,180158.5,745480.5,229.62

2289,179927.5,745063.5,231.98

2290,180248.5,745264.5,239.11

2291,178988.5,744805.5,242.68

2292,179267.5,744733.5,238.48

2293,179138.5,744595.5,237.21

2294,179093.5,744565.5,226

2295,179177.5,744538.5,226

2296,179234.5,744520.5,226

2297,179156.5,744472.5,226

2298,178478.5,744295.5,235.86

2299,178475.5,744259.5,235.85

2300,179405.5,744577.5,231.16

2301,179552.5,744739.5,231.5

2302,179669.5,745519.5,240.69

2303,179603.5,745486.5,244.05

2304,179555.5,745585.5,260.81

2305,179567.5,745609.5,262.7

2306,179588.5,745546.5,240.1

2307,178757.5,743170.5,226.07

2308,178562.5,743038.5,226.17

2309,178760.5,743077.5,226.07

2310,178622.5,743848.5,232.12

2311,178673.5,743872.5,230.55

2312,178646.5,743875.5,225.93

2313,178400.5,743605.5,238.48

2314,178355.5,743587.5,234.15

2315,178757.5,743497.5,228.36

2316,178559.5,744469.5,240.21

2317,178646.5,744538.5,238.23

2318,178640.5,744496.5,225.93

2319,178511.5,743698.5,227.2

2320,178493.5,743749.5,225.94

2321,178301.5,743896.5,225.7

2322,179102.5,743056.5,235.84

2323,179033.5,743338.5,234.79

2324,179378.5,743236.5,228.6

2325,178883.5,743686.5,232.18

2326,178898.5,743602.5,242.04

2327,178412.5,742996.5,237.19

2328,178331.5,742996.5,230.87

2329,178391.5,742945.5,228.88

2330,178232.5,743560.5,230.39

2331,178250.5,743578.5,237.97

2332,178958.5,745936.5,245.95

2333,179015.5,745948.5,245.29

2334,179462.5,745852.5,254.01

2335,179423.5,745876.5,255.18

2336,179348.5,745783.5,246.16

2337,178943.5,745930.5,246.39

2338,178841.5,745864.5,246.68

2339,178910.5,745627.5,246.52

2340,178925.5,745633.5,245.07

2341,178910.5,745654.5,246.63

2342,178856.5,745639.5,248.94

2343,178802.5,745525.5,249.17

2344,178838.5,745558.5,246.81

2345,178784.5,745624.5,266.65

2346,179669.5,745522.5,248.8

2347,179603.5,745381.5,234.28

2348,179441.5,745186.5,234.04

2349,179429.5,745216.5,229.49

2350,179480.5,745258.5,236.18

2351,179444.5,745303.5,233.98

2352,179102.5,745453.5,238.03

2353,179135.5,745354.5,237.67

2354,179111.5,745450.5,234.62

2355,178223.5,743992.5,225.72

2356,178268.5,744055.5,225.7

2357,178604.5,746017.5,255.93

2358,178622.5,746002.5,260.98

2359,178583.5,746032.5,263.77

2360,178532.5,744286.5,230.07

2361,178523.5,744283.5,235.49

2362,178481.5,744313.5,235.88

2363,178526.5,744298.5,235.35

2364,178607.5,744205.5,225.99

2365,179903.5,745006.5,225.93

2366,180023.5,744889.5,232.09

2367,179363.5,745156.5,235.13

2368,179354.5,745156.5,235.4

2369,179378.5,745162.5,234.81

2370,179453.5,745318.5,239.87

2371,179465.5,745339.5,237.39

2372,179429.5,745384.5,240.17

2373,179474.5,745300.5,240.81

2374,179306.5,744493.5,231.48

2375,179192.5,744448.5,226

2376,179267.5,745438.5,234.01

2377,179336.5,745591.5,245.45

2378,179315.5,745606.5,241.19

2379,179270.5,745573.5,232.67

2380,179882.5,745279.5,231.42

2381,179852.5,745366.5,228.9

2382,179828.5,745297.5,229.21

2383,179837.5,745315.5,232.58

2384,179864.5,745354.5,229.7

2385,179858.5,745354.5,228.87

2386,180209.5,745489.5,231.17

2387,179324.5,744778.5,238.66

2388,178577.5,744430.5,225.93

2389,179477.5,744445.5,229.51

2390,179666.5,745519.5,237.41

2391,178682.5,743815.5,232.39

2392,178571.5,743794.5,230.93

2393,178451.5,743626.5,233.41

2394,178274.5,743584.5,238.88

2395,178940.5,743425.5,236.63

2396,178928.5,743428.5,236.66

2397,178727.5,743431.5,241.38

2398,178937.5,743101.5,247.29

2399,178640.5,743332.5,226.06

2400,178661.5,743344.5,236.96

2401,178640.5,743374.5,236.67

2402,178925.5,744592.5,225.97

2403,178910.5,744604.5,235.63

2404,178883.5,744592.5,235.82

2405,179123.5,743029.5,239.75

2406,178805.5,743320.5,228.07

2407,178928.5,743452.5,236.98

2408,178289.5,743050.5,237.08

2409,178253.5,743092.5,230.5

2410,178238.5,743287.5,227.22

2411,179000.5,746053.5,248.36

2412,178661.5,745924.5,252.55

2413,178706.5,745936.5,256.12

2414,178673.5,745960.5,265.3

2415,178826.5,745861.5,248.35

2416,178859.5,745816.5,253.77

2417,178844.5,745840.5,253.97

2418,178838.5,745972.5,266.28

2419,178934.5,745747.5,239.64

2420,178913.5,745750.5,246.51

2421,178784.5,745534.5,249.64

2422,179486.5,745297.5,236.61

2423,179525.5,745315.5,236.12

2424,179354.5,745189.5,227.39

2425,179306.5,745393.5,231.55

2426,179327.5,745348.5,235.39

2427,179426.5,745192.5,229.3

2428,178226.5,744133.5,229.73

2429,178232.5,744232.5,228.47

2430,179270.5,744751.5,242.47

2431,179546.5,745339.5,241.09

2432,179525.5,745330.5,241.54

2433,179531.5,745324.5,240.9

2434,178982.5,744595.5,226.7

2435,179099.5,744496.5,226.03

2436,179267.5,745459.5,235.49

2437,179330.5,745543.5,236.07

2438,179330.5,745567.5,246.88

2439,179318.5,745570.5,240.71

2440,179282.5,744544.5,232.1

2441,178412.5,743632.5,238.44

2442,178634.5,743419.5,232.36

2443,178724.5,743383.5,242.61

2444,178706.5,743443.5,239.29

2445,178835.5,743089.5,237.55

2446,178724.5,743281.5,230.49

2447,178769.5,743266.5,227.37

2448,178718.5,743320.5,237.27

2449,178382.5,743521.5,231.84

2450,178475.5,743452.5,225.77

2451,178487.5,743464.5,239.56

2452,178472.5,743455.5,226.24

2453,178742.5,744469.5,225.93

2454,178790.5,744577.5,226.68

2455,178901.5,743419.5,228.12

2456,178142.5,743209.5,236.37

2457,178124.5,743287.5,228.68

2458,179426.5,745861.5,254.94

2459,178652.5,745879.5,252.47

2460,178574.5,746011.5,258.14

2461,178784.5,745939.5,268.48

2462,178793.5,745960.5,270.87

2463,178916.5,745795.5,247.43

2464,178820.5,745762.5,253.49

2465,179513.5,745321.5,236.29

2466,179498.5,745336.5,236.53

2467,179345.5,745168.5,229.03

2468,179369.5,745216.5,231.84

2469,179273.5,745231.5,228.37

2470,179300.5,745192.5,229.62

2471,179294.5,745240.5,227.41

2472,179492.5,745189.5,227.93

2473,178259.5,744373.5,231.96

2474,179312.5,744778.5,242.57

2475,179483.5,745243.5,232.14

2476,179447.5,745210.5,229.4

2477,179282.5,745498.5,231.55

2478,179348.5,745555.5,247.09

2479,179558.5,745540.5,255.98

2480,179468.5,745384.5,238

2481,178373.5,743506.5,226.36

2482,178445.5,743482.5,229.94

2483,178481.5,743518.5,238.26

2484,178508.5,743152.5,226.19

2485,178415.5,743164.5,227.14

2486,178463.5,743122.5,230.77

2487,178688.5,743314.5,233.85

2488,178718.5,743233.5,226.07

2489,178730.5,743245.5,233.6

2490,178703.5,743275.5,226.28

2491,178439.5,743563.5,233.84

2492,178544.5,743434.5,234.25

2493,178505.5,743461.5,238.1

2494,179075.5,743179.5,228.78

2495,179102.5,743149.5,229.29

2496,179003.5,743242.5,228.07

2497,179012.5,743332.5,228.07

2498,178244.5,743224.5,229.01

2499,178247.5,743167.5,237.22

2500,178229.5,743800.5,236.12

2501,178625.5,745978.5,257.17

2502,178763.5,745678.5,263.59

2503,178832.5,745792.5,258.6

2504,178847.5,745621.5,256.03

2505,179561.5,745348.5,236.22

2506,179354.5,745219.5,227.69

2507,179234.5,745273.5,229.23

2508,179348.5,745144.5,233.7

2509,179273.5,745177.5,233.44

2510,180137.5,745207.5,238

2511,179588.5,745540.5,252.38

2512,178598.5,743398.5,233.78

2513,178421.5,743239.5,226.71

2514,178451.5,743494.5,235.73

2515,178400.5,743497.5,231.98

2516,178568.5,743398.5,226.07

2517,178586.5,743398.5,234.09

2518,178565.5,743407.5,226.52

2519,178478.5,743470.5,239.78

2520,178583.5,743374.5,226.06

2521,178409.5,743488.5,225.78

2522,178394.5,743491.5,225.77

2523,178778.5,745792.5,272.53

2524,179576.5,745474.5,245.84

2525,179375.5,745252.5,228.32

2526,179489.5,745204.5,233.51

2527,179273.5,745447.5,231.36

2528,178592.5,743380.5,231.03

2529,178730.5,743236.5,232.02

2530,178550.5,743419.5,233.23

2531,178547.5,743413.5,232.05

2532,178829.5,743284.5,228.07

2533,178838.5,743245.5,233.11

2534,178751.5,743239.5,226.17

2535,178742.5,743221.5,226.35

2536,178460.5,742966.5,232.11

2537,178544.5,742939.5,226.21

2538,178406.5,743047.5,238.35

2539,179267.5,745450.5,231.5

2540,178484.5,743449.5,226.66

2541,178496.5,743455.5,236.98

2542,178985.5,743365.5,228.07

2543,178766.5,743236.5,233.49

2544,178751.5,743218.5,232.7

2545,178790.5,743176.5,232.82

2546,178310.5,743119.5,227.97

2547,178271.5,743185.5,235.93

2548,178319.5,743017.5,233.36

2549,179000.5,743191.5,242.62

2550,178976.5,743227.5,235.05

2551,178316.5,743059.5,236.58

2552,177596.5,745435.5,233.5

2553,179009.5,743149.5,247.34

2554,177542.5,743029.5,226.17

2555,177629.5,743119.5,232.71

2556,177605.5,743089.5,226.17

2557,177560.5,743014.5,244.97

2558,177539.5,743002.5,230.45

2559,180230.5,743956.5,252

2560,177533.5,742957.5,244.99

2561,177521.5,742942.5,232.94

2562,180089.5,743029.5,292.48

2563,180080.5,744880.5,227.43

2564,177620.5,743140.5,226.16

2565,179828.5,744064.5,246.51

2566,179378.5,743479.5,232.93

2567,179366.5,743563.5,237.77

2568,179381.5,743569.5,234.11

2569,180050.5,743134.5,297.15

2570,180023.5,744040.5,289.5

2571,179774.5,745675.5,241.1

2572,179753.5,745627.5,243.25

2573,179690.5,743524.5,267.71

2574,177752.5,745627.5,236.09

2575,177620.5,745456.5,228.74

2576,180197.5,744076.5,248.34

2577,177635.5,745504.5,236.37

2578,177665.5,746086.5,254.16

2579,177722.5,745480.5,233.32

2580,180014.5,744463.5,237.32

2581,178895.5,744616.5,237.29

2582,180005.5,745051.5,226.9

2583,179945.5,745048.5,226.58

2584,179069.5,744610.5,237.69

2585,179519.5,745774.5,266.45

2586,179513.5,745786.5,258.64

2587,178256.5,744094.5,229.94

2588,178232.5,744103.5,225.71

2589,178253.5,744067.5,225.7

2590,178736.5,742891.5,240.06

2591,179624.5,745624.5,248.69

2592,177560.5,743020.5,240.96

2593,177530.5,742978.5,226.17

2594,179726.5,744148.5,235.86

2595,178730.5,744577.5,235.45

2596,178730.5,744565.5,228.86

2597,178670.5,744520.5,225.93

2598,178613.5,746239.5,266

2599,179708.5,745141.5,226.1

2600,177551.5,745141.5,237.15

2601,178382.5,745369.5,238.04

2602,180050.5,745072.5,232.27

2603,179981.5,745084.5,235.01

2604,178415.5,742933.5,228.21

2605,178817.5,743209.5,229.77

2606,178820.5,743122.5,236.12

2607,179579.5,744241.5,226.06

2608,179393.5,743551.5,233.28

2609,179354.5,743521.5,242.99

2610,180014.5,744733.5,230.79

2611,179030.5,744601.5,237.13

2612,178982.5,744613.5,237.56

2613,180137.5,744871.5,237.81

2614,180071.5,743119.5,303.74

2615,178775.5,745711.5,270.57

2616,178409.5,745477.5,242.37

2617,178184.5,743998.5,229.76

2618,179597.5,744553.5,226.21

2619,179510.5,743506.5,234.64

2620,178982.5,743248.5,228.09

2621,179012.5,743173.5,246.36

2622,179114.5,743143.5,233.5

2623,178526.5,745807.5,245.88

2624,178607.5,744190.5,227.88

2625,178289.5,744526.5,235.75

2626,180242.5,745258.5,239.73

2627,179273.5,743059.5,236.41

2628,178901.5,743626.5,234.38

2629,178451.5,744706.5,243.04

2630,178559.5,743881.5,225.41

2631,178535.5,743899.5,230.95

2632,179345.5,745156.5,235.08

2633,179351.5,745339.5,231.84

2634,178775.5,743083.5,234.25

2635,178877.5,744574.5,225.93

2636,178625.5,745933.5,261.77

2637,180146.5,745378.5,238.7

2638,178730.5,743227.5,229.73

2639,177551.5,743029.5,227.11

2640,177545.5,743020.5,226.68

2641,177545.5,742963.5,248.25

2642,177515.5,742948.5,227.74

2643,177560.5,743062.5,226.17

2644,177608.5,745489.5,230.25

2645,177578.5,745144.5,237.78

2646,177566.5,743050.5,235.15

2647,180044.5,745036.5,227.43

2648,179630.5,744532.5,226.28

2649,178556.5,743899.5,229.77

2650,178439.5,742924.5,227.73

2651,178763.5,744592.5,236.16

2652,178397.5,743494.5,229.57

2653,178745.5,743212.5,230.92

2654,178739.5,743218.5,226.07

2655,177614.5,743116.5,229.67

2656,178601.5,745885.5,249.66

2657,178589.5,745909.5,256.91

2658,179051.5,744595.5,236.15

2659,179033.5,744580.5,226

2660,178604.5,743857.5,225.82

2661,177608.5,743119.5,226.16

2662,179591.5,744226.5,226.83

2663,178298.5,744607.5,235.88

2664,178268.5,744079.5,230.03

2665,179051.5,745954.5,244.97

2666,178565.5,745795.5,254.95

2667,178409.5,745456.5,239.13

2668,177764.5,745621.5,236.5

2669,177749.5,745615.5,240.83

2670,178613.5,743836.5,228.87

2671,178214.5,744124.5,225.7

2672,178238.5,744115.5,229.71
